9 0.52978515625 0.5175438596491229 0.4501953125 0.9649122807017544
3 0.53416015625 0.15317251461988302 0.15705078124999994 0.12755847953216373
12 0.561484375 0.6844298245614034 0.37909179687500005 0.631140350877193
4 0.546708984375 0.3496491228070175 0.14979492187500004 0.11200292397660816
9 0.341943359375 0.5706725146198831 0.25809570312499996 0.7353362573099417
12 0.370439453125 0.6465058479532163 0.205576171875 0.5711842105263157
2 0.348369140625 0.8121345029239766 0.093505859375 0.12302631578947382
2 0.421591796875 0.9674269005847954 0.14788085937499995 0.06514619883040927
6 0.540302734375 0.23210526315789473 0.10459960937499996 0.054035087719298214
10 0.468193359375 0.26760233918128656 0.041298828124999964 0.11665204678362576
10 0.609912109375 0.23502923976608187 0.027861328124999973 0.11833333333333333
4 0.29966796875 0.36502923976608187 0.030244140625000027 0.06539473684210528
2 0.24160156250000003 0.6444444444444445 0.06725585937500003 0.09671052631578944
9 0.2278515625 0.4341812865497076 0.12033203125000003 0.33703216374269
2 0.260869140625 0.5978070175438596 0.05118164062499997 0.02751461988304101
5 0.293896484375 0.26769005847953214 0.12254882812500001 0.11866959064327488
10 0.298310546875 0.2784941520467836 0.051962890625000036 0.08492690058479536
5 0.270546875 0.330453216374269 0.02139648437499997 0.021140350877192952
10 0.19412109375 0.33616959064327484 0.019707031250000007 0.034824561403508765
12 0.2436328125 0.4701608187134503 0.08022460937500003 0.23125730994152044
3 0.195595703125 0.3118421052631579 0.049150390624999984 0.048888888888888885
4 0.194873046875 0.36204678362573095 0.018212890624999978 0.019678362573099385
2 0.197470703125 0.5114619883040935 0.030605468749999976 0.04444444444444441