9 0.5306324110671937 0.5029565161749718 0.6086956521739131 0.9940869676500564
3 0.5983201581027668 0.18871160031662093 0.17588932806324112 0.19098668869411647
12 0.5321146245059288 0.6635719261492782 0.48122529644268774 0.6728561477014435
4 0.5760869565217391 0.38487618765259 0.16600790513833993 0.17297699838452754
9 0.3374505928853755 0.5147350660842993 0.3804347826086957 0.8294677514753902
12 0.3522727272727273 0.6001815542114046 0.30039525691699603 0.6469028694351748
2 0.30138339920948615 0.7519582763359561 0.11264822134387352 0.15974833935179997
2 0.34535573122529645 0.9321013982136273 0.15612648221343872 0.12390221931754188
6 0.5904150197628458 0.26838668830563606 0.11166007905138339 0.09611305079421391
10 0.5138339920948617 0.2723027126666762 0.06126482213438735 0.13177842311471819
10 0.658102766798419 0.29974123260679425 0.04841897233201581 0.12848416890751876
4 0.33201581027667987 0.29713742872171767 0.040513833992094864 0.07650245216280617
2 0.22628458498023715 0.5443745708114821 0.08300395256916997 0.12347074771297382
9 0.25 0.3341954606905903 0.17687747035573123 0.3818409121629452
2 0.2534584980237154 0.5073627576243903 0.05434782608695652 0.04875743871457383
5 0.3433794466403162 0.19980123529963847 0.14031620553359683 0.16786777991095694
10 0.3458498023715415 0.21243975255159195 0.06521739130434782 0.10525448858766619
5 0.30978260869565216 0.2514381107322429 0.024703557312252964 0.03023132636568851
10 0.2341897233201581 0.22505451240826566 0.025691699604743084 0.0420914669942805
12 0.25889328063241107 0.37584796895146894 0.11857707509881422 0.2604949819399203
3 0.23962450592885376 0.2015278894158177 0.05632411067193676 0.06803985014927277
4 0.23023715415019763 0.2500991569944892 0.020750988142292492 0.027169462076172452
2 0.20652173913043478 0.3966687996597596 0.037549407114624504 0.05571492968531405