9 0.23480480480480478 0.50808 0.3841441441441442 0.68692
3 0.2773873873873874 0.22402000000000005 0.2765765765765766 0.12202
3 0.4948048048048048 0.16922 0.1691291291291291 0.07224000000000001
12 0.23882882882882883 0.45732 0.3641141141141141 0.26617999999999997
8 0.31960960960960966 0.32430000000000003 0.09693693693693695 0.047039999999999964
5 0.3312312312312312 0.29208 0.06336336336336335 0.017720000000000027
12 0.6017717717717718 0.3646999999999999 0.4654354354354355 0.3077599999999999
6 0.7471771771771771 0.49069999999999997 0.15501501501501502 0.03741999999999996
6 0.4485585585585586 0.5092 0.09600600600600609 0.07793999999999994
9 0.615975975975976 0.32839999999999997 0.5248348348348347 0.38796
8 0.5186486486486487 0.26896 0.10204204204204209 0.04156000000000003
5 0.5112912912912912 0.2335 0.09663663663663666 0.03280000000000001