9 0.16535794919962127 0.4409090909090909 0.33071589839924254 0.8431818181818181
9 0.7199360105228872 0.5039772727272728 0.5600759677043192 0.9920454545454546
7 0.8787679417928482 0.16590909090909092 0.24192171337956556 0.16590909090909092
7 0.1734882470699622 0.15965909090909092 0.21982440330749964 0.2431818181818182
14 0.1563100242773608 0.5789772727272727 0.3126200485547216 0.5965909090909091
4 0.14004093397835665 0.33125 0.16803339376944268 0.22272727272727272
5 0.15984051967028073 0.23238636363636364 0.1255385815074824 0.1159090909090909
6 0.1305191222970675 0.7045454545454546 0.1359525949046603 0.17613636363636365
4 0.8243386385777601 0.40738636363636366 0.19629763536682024 0.27386363636363636
6 0.8488827023530345 0.4198863636363636 0.137382052773274 0.22272727272727272
14 0.7197630459954596 0.6545454545454545 0.5584528994412905 0.6909090909090909
