9 0.660639455782313 0.38409736308316433 0.1429251700680272 0.32768762677484786
3 0.6589115646258503 0.26829614604462476 0.09318367346938769 0.09545638945233266
9 0.8476190476190476 0.6450304259634888 0.3047619047619048 0.7099391480730223
3 0.8478639455782312 0.3877281947261663 0.17273469387755108 0.18569979716024343
9 0.13866666666666666 0.690446247464503 0.2773333333333333 0.619107505070994
3 0.09775510204081632 0.47614604462474647 0.1954965986394558 0.1947261663286004
9 0.2824081632653061 0.5126977687626775 0.23938775510204077 0.40480730223123723
3 0.2478503401360544 0.3726977687626775 0.12326530612244893 0.11908722109533465
3 0.7668979591836734 0.3661866125760649 0.12761904761904755 0.14728194726166333
9 0.35786394557823126 0.3763894523326572 0.12831292517006798 0.2975050709939147
3 0.3579591836734694 0.2674645030425964 0.0898503401360544 0.0772819472616633
9 0.4332517006802721 0.24985801217038542 0.0804897959183673 0.1119675456389452
3 0.4160680272108844 0.21470588235294116 0.033414965986394485 0.056713995943204885
12 0.8959183673469387 0.7768762677484787 0.20816326530612245 0.4421906693711968
8 0.8322312925170069 0.5384381338742393 0.07432653061224505 0.07322515212981749
12 0.7863129251700681 0.5892900608519269 0.12273469387755107 0.2021906693711968
5 0.81221768707483 0.48359026369168356 0.032639455782312934 0.02133874239350909
12 0.11917006802721089 0.8101825557809331 0.23832653061224493 0.3796348884381338
8 0.13104761904761905 0.6423326572008113 0.06929251700680274 0.08008113590263695
5 0.14593197278911565 0.5867545638945233 0.03571428571428571 0.030365111561866182
12 0.28401360544217685 0.6043813387423934 0.23258503401360547 0.19490872210953353
6 0.7408571428571428 0.758762677484787 0.09534693877551018 0.12699797160243412
6 0.7494149659863947 0.6977687626774848 0.10066666666666668 0.10632860040567943
6 0.4449795918367347 0.6718052738336714 0.09025850340136059 0.0852332657200811
6 0.3608571428571429 0.5754361054766735 0.0505442176870748 0.07537525354969568
6 0.2232108843537415 0.8333671399594321 0.07523809523809526 0.11537525354969573
6 0.24250340136054424 0.763894523326572 0.07685714285714287 0.07113590263691694
6 0.7134829931972788 0.5815821501014199 0.048884353741496606 0.07880324543610552
6 0.6996734693877551 0.5554766734279919 0.04341496598639459 0.05525354969574038
6 0.39616326530612245 0.45701825557809334 0.048761904761904805 0.05663286004056799
6 0.6082448979591837 0.4255375253549696 0.03702040816326536 0.05093306288032457
12 0.678639455782313 0.44754563894523325 0.11130612244897967 0.20066937119675463
12 0.3296054421768707 0.41758620689655174 0.11216326530612249 0.20245436105476675
8 0.36594557823129253 0.356815415821501 0.04300680272108846 0.04040567951318462
8 0.6548843537414966 0.3552941176470588 0.03628571428571423 0.04034482758620687
5 0.6428299319727891 0.3222920892494929 0.01247619047619042 0.014279918864097404
5 0.3797551020408163 0.3270993914807302 0.01759183673469381 0.014969574036511148
8 0.2654829931972789 0.49229208924949286 0.0595646258503401 0.07146044624746455
5 0.2720408163265306 0.43920892494929004 0.045659863945578236 0.02020283975659225