9 0.6345612931757574 0.4350860700110684 0.18168218697535377 0.38772682189065133
3 0.628238095791313 0.3057647268995031 0.11092471732498328 0.12238684622889852
9 0.8274231878063969 0.6470002008666736 0.3369014873338725 0.7059995982666527
3 0.8431767508527943 0.4260381998363986 0.20504170581144798 0.23499978451520948
9 0.11698088947269347 0.7228506787330317 0.23396177894538694 0.5542986425339367
3 0.062382536612794484 0.5707369247248313 0.12476507322558897 0.23649647388405176
9 0.21801552224494916 0.6037659598094511 0.2938046659288218 0.4898175075499536
3 0.1749237681689223 0.45020733798330753 0.1447165027168351 0.15324687930864364
3 0.7517393102153871 0.40734957945533473 0.1527859778940741 0.18525023935659066
9 0.29703452731047114 0.4464569098683765 0.1629713856490911 0.3530002057393793
3 0.2936182035559594 0.3251857795542707 0.106061872892862 0.10182736413678187
9 0.37663478041875403 0.30049299231218723 0.09753521248936044 0.1376314768756255
3 0.35676211642309746 0.26227396543159903 0.04045190568282833 0.0695848930638041
12 0.8858075192057909 0.7978234613407476 0.21089325227878816 0.40435307731850495
8 0.8306833502820873 0.5952935602808549 0.08777425808215494 0.09425006925247816
12 0.7812463321372387 0.6542729609513694 0.15070784452377115 0.24620455144600928
5 0.8066002543991243 0.535383829588693 0.03830197439434332 0.028795080782721496
12 0.09291289269670014 0.8576635544903067 0.18582578539340028 0.2846728910193866
8 0.054130399559460855 0.7585197301546955 0.08333460016558929 0.10083990842733022
5 0.06875419839878749 0.6957637872907738 0.0415086051394613 0.04023895873855173
12 0.22324675462979757 0.705872151273418 0.2719904968218183 0.25599586877424724
6 0.7365468287757572 0.8470327612306473 0.11448400349973079 0.15645515857386916
6 0.7444406096543092 0.7783244730566051 0.11867680261555569 0.13402821532661915
6 0.4041832978739053 0.7703328829218838 0.10620293506471391 0.11087713789243797
6 0.30723250050794576 0.6676376185881654 0.062016682324579187 0.09313095278176615
6 0.16332457161474695 0.9463354507748748 0.09115721654208762 0.10732909845025031
6 0.18252909054249108 0.886353088590244 0.09076929556949499 0.09211928657482449
6 0.7001857260766327 0.6507510355876578 0.06053679635239057 0.09532756584005
6 0.6839422459255216 0.6228775801337579 0.052537852261077385 0.06784909266993104
6 0.34268176641905695 0.5333392806271865 0.05863372386464651 0.07037485763136565
6 0.5776895796270031 0.48468654502277636 0.044891563599394016 0.06299505388895235
12 0.6569881753717168 0.5039797440782562 0.13851610131663322 0.24115302152314005
12 0.2674884393488886 0.49384866657305576 0.13855136685959613 0.24341546496205407
8 0.30572051607343415 0.42419454257270195 0.05077584194518525 0.051946158216902676
8 0.6267216774439055 0.4030497947728063 0.04320008436942768 0.051617006313752045
5 0.6121167782083163 0.3673236176633376 0.015433639495218834 0.018757851317613487
5 0.31990349562572373 0.3897191426952057 0.01997909404067338 0.01895534245950389
8 0.19865357520612761 0.5814169521915762 0.07103706032956232 0.08900104818771891
5 0.2041159338686192 0.522790913921702 0.051938338030707125 0.029387554208392584