9 0.7061769616026711 0.391875 0.5876460767946577 0.69125
3 0.6495158597662771 0.1007125 0.2593823038397329 0.0834375
9 0.20617696160267113 0.355625 0.41235392320534225 0.63375
3 0.12853088480801333 0.129575 0.25706176961602667 0.09454999999999998
9 0.518931552587646 0.3584125 0.22549248747913192 0.4706874999999999
3 0.4891819699499165 0.16616250000000002 0.11459098497495825 0.07605000000000002
9 0.22477462437395657 0.26695 0.12474123539232056 0.14340000000000003
3 0.2535058430717863 0.23666250000000003 0.06664440734557599 0.09297499999999999
6 0.3346410684474123 0.6408375 0.16130217028380636 0.07831250000000005
6 0.4616193656093489 0.614775 0.16160267111853086 0.05148749999999993
12 0.1109515859766277 0.48405000000000004 0.2219031719532554 0.38116250000000007
12 0.7663772954924875 0.4806875 0.46724540901502504 0.5177124999999999
8 0.647779632721202 0.2358125 0.13278797996661096 0.09024999999999998
8 0.14747913188647746 0.2664375 0.13532554257095158 0.0816375
5 0.16557595993322205 0.204175 0.12078464106844743 0.04825000000000003
5 0.6136227045075126 0.169875 0.13076794657762944 0.05813749999999999
8 0.5192821368948247 0.2837875 0.08684474123539229 0.05301250000000003
5 0.4959432387312187 0.2470875 0.08482470784641079 0.02518749999999997
8 0.19719532554257097 0.310625 0.06564273789649415 0.04591250000000002
5 0.2257762938230384 0.28405 0.06530884808013357 0.028200000000000003