9 0.6263329137037499 0.36726786100349557 0.7473341725925003 0.7345357220069911
3 0.5544650385104494 0.06105587330141718 0.28786593441673736 0.12211174660283436
9 0.22691745380168976 0.38368104266812314 0.4538349076033795 0.7060556361827411
3 0.08932271699974788 0.17375632038660244 0.17864543399949576 0.13603166302426348
9 0.4639081313191464 0.3342420000838416 0.3732227817283335 0.5133318819734897
3 0.40334924630105945 0.1495481138210748 0.13884040955716015 0.0968898514717199
9 0.15295728630226177 0.29546021278403384 0.1711801761844897 0.16642389435718788
3 0.1775731155618725 0.26032456243326196 0.0957085631716194 0.10509956342840396
6 0.32274973056914474 0.6450621444372134 0.18672801125449104 0.10654911006559278
6 0.44682262382969273 0.5973856877611328 0.1779051890976166 0.07967192845814976
12 0.1214514198398094 0.5289489269444764 0.2429028396796188 0.4205831587692751
12 0.7019044870511838 0.4127922680798573 0.5717917773629093 0.5989518109501706
8 0.5743925408152581 0.19065167263988078 0.16207886188335902 0.11430398283514996
8 0.07802819220121913 0.3083084067332544 0.15605638440243827 0.10544322334147907
5 0.08375726347277576 0.24360399314472284 0.13677434415704248 0.0703075729907072
5 0.529333086967782 0.13143417813401304 0.1493857410147449 0.08095023574044126
8 0.4528208993609184 0.2602957135961198 0.1046797495624478 0.06890678314016332
5 0.42333348253313885 0.2281521996491954 0.09406935414971204 0.04069005296630269
8 0.13242518394349592 0.34303291363808425 0.08024402838042108 0.0577480399191763
5 0.1566966689697537 0.3123276430341478 0.07379908387944177 0.039805343587011786