9 0.763991763648851 0.3165720737851984 0.4720164727022979 0.6331441475703968
3 0.8484160752690595 0.0564829125090604 0.22191784946188092 0.1129658250181208
9 0.18671875 0.32669322709163345 0.3734375 0.6533864541832669
3 0.09765625 0.061752988047808766 0.1953125 0.12350597609561753
9 0.6603809201828265 0.2142016577902846 0.2287629706353833 0.4071540715043144
3 0.6745783149299773 0.060623962855812105 0.1286387303552928 0.10238327727939724
9 0.21683212737875546 0.20093947741550633 0.23821074524248909 0.40187895483101266
3 0.22990366976854162 0.03509665183491038 0.14956766046291675 0.07019330366982077
6 0.301461722706807 0.5516021048302534 0.1169392510334573 0.12401745951161679
6 0.30627980934840615 0.4838208645964041 0.09680653349844608 0.08575160138584276
6 0.5753744117057711 0.4897750504527436 0.08616013192686936 0.0934763315561664
12 0.08763908705588391 0.44914372742875536 0.17527817411176783 0.4084854535090232
12 0.829719463401182 0.4293786500824107 0.32222187220695986 0.40127220675469893
12 0.6837969954518861 0.27836897139324157 0.1747218258882322 0.2526897149051615
12 0.19142971298689732 0.25150801624845426 0.135697867244561 0.29561036891286335
8 0.7705564408609907 0.18985533399551324 0.0674829065339754 0.09505111088059146
8 0.6517722076102139 0.15070003518968206 0.05145549214211727 0.04095331091175888
8 0.12546226468230842 0.19823968024123806 0.06788101282028158 0.06321337196610582
8 0.2472859148061429 0.1328306912631332 0.05530823821317572 0.06094317172820595
1 0.14372426716350778 0.1470777715126598 0.04498716832079959 0.03483813111153407
1 0.26035099503760123 0.09571731877914588 0.04364299214211709 0.04077945568339019
5 0.7627289782883782 0.12633632587207383 0.046331344499482084 0.028896806539677924
1 0.6348950767168017 0.12121942412728066 0.03993579528527036 0.024773658611963015
6 0.285973771506734 0.3558911455502915 0.08067211124870503 0.0714596678215356
6 0.5928059683635809 0.3331397656181587 0.06504711124870503 0.07111195736479815
6 0.5757832882559569 0.3076432183007773 0.0546190334984459 0.08481278315265169