9 0.6683333333333333 0.62625 0.6633333333333333 0.7475
3 0.7955666666666666 0.314475 0.31316666666666665 0.12197499999999999
9 0.16396666666666665 0.46645000000000003 0.3279 0.44442500000000007
3 0.15466666666666667 0.27275 0.15956666666666663 0.06394999999999997
12 0.8383333333333334 0.71625 0.3233333333333333 0.5625
8 0.7622333333333333 0.427125 0.15423333333333328 0.06887500000000003
5 0.724 0.3832 0.07096666666666673 0.027000000000000027
12 0.09733333333333333 0.578675 0.19466666666666665 0.440475
8 0.1733 0.34975 0.06276666666666667 0.035275000000000035
5 0.18823333333333334 0.32145 0.04496666666666665 0.01817499999999999
6 0.16966666666666666 0.61605 0.08809999999999997 0.069525
6 0.4298666666666667 0.7748 0.17726666666666668 0.046699999999999874
6 0.4156 0.748125 0.15569999999999998 0.04594999999999999
6 0.2852333333333333 0.4851 0.07350000000000004 0.04272499999999994