9 0.679757008042014 0.6438922534655802 0.640485983915972 0.7122154930688396
3 0.8560477159115762 0.38649577929908036 0.28790456817684756 0.15528258351590535
9 0.2020243862181587 0.5189749855216456 0.37626681046058297 0.5265863346796548
3 0.16938371904513821 0.3007353874503816 0.18583113188134348 0.08180591374590679
12 0.878726734968777 0.7588650140933335 0.24254653006244614 0.48226997181333303
8 0.8669160942030424 0.5154262147111827 0.18235194155986167 0.08732226781559436
5 0.820577291944863 0.46238701378531677 0.0812432411106384 0.03472474635474334
12 0.1312411894439779 0.6420034257684221 0.22050074745795703 0.5112795788095714
8 0.19310778421368643 0.38963088982921656 0.07413051623447629 0.04291654540320942
5 0.21027221947129734 0.35778775584441525 0.05426505689589119 0.025043770297101565
6 0.20007574807963238 0.6917740477307082 0.10659436580228597 0.08401298557298179
6 0.49980367839366446 0.8876706886723382 0.20384446042154625 0.06558777976110522
6 0.4830315487935648 0.8571792867692701 0.18096284346107502 0.06175408599741255
6 0.32651954492300606 0.549920750984073 0.08595718529770824 0.051935665012328484