9 0.6417488449873661 0.6006674140720325 0.7018357088697118 0.7818315701522207
3 0.7867872667289951 0.28302800280299656 0.3293279551978693 0.1367114694915796
9 0.15733210871514447 0.45989416367663555 0.31466421743028894 0.46995526239031865
3 0.12861677353652937 0.2656491518470002 0.16645601615494682 0.07096460752718944
12 0.8152491556010647 0.6883637739981222 0.34319745846453636 0.5828653156454257
8 0.7506660796536525 0.3992632523162571 0.16319077819847796 0.07600327222080028
5 0.7126774393153725 0.35542117244229576 0.07279461589695574 0.030085477331606953
12 0.08867810675844728 0.5783068688178896 0.17735621351689457 0.4587708777488361
8 0.14673357018089764 0.3433170374445631 0.06618443019512944 0.037598704154726194
5 0.1613488628901062 0.3134716962190067 0.04858288379056321 0.021766386597139677
6 0.13995680643135394 0.6163491903041891 0.09469762751354649 0.07421246352891575
6 0.40723521859840095 0.7694871360103585 0.18310104509284633 0.056027694315545114
6 0.3927010673720692 0.7416849397609043 0.16247339009847797 0.05292634914387749
6 0.26061978140684877 0.47740737963054947 0.07669753216453581 0.04555963315081656