9 0.7030075187969925 0.5028823251712411 0.5939849624060151 0.9942353496575177
3 0.8084597055732028 0.059614373711553495 0.28609234347723256 0.10033350463385941
9 0.594783638879141 0.5021083674863709 0.595582315352267 0.9957832650272582
3 0.5724056872165567 0.07460028486498316 0.26135272781657204 0.13665711759586127
4 0.6029001955359308 0.21600227728493293 0.1991176380568199 0.17474054461891433
4 0.8016025096658785 0.22799219389270456 0.16895193206873554 0.1284686620454366
5 0.767188847287561 0.1484233982912369 0.10238236432316751 0.06563465787582907
5 0.5784760945780988 0.1503283905535236 0.12790207404518533 0.09121096222238437
12 0.6484335962009972 0.6136538138508076 0.5973049570995319 0.7726923722983846
12 0.7967262219318362 0.5995518269202275 0.4065475561363276 0.7696595592125407
6 0.6103683373956372 0.7616469872517052 0.16637466393226263 0.1559382214331932