9 0.7138986992957873 0.48584742752851834 0.5722026014084253 0.9716948550570367
3 0.838791125708652 0.045653227858302885 0.2606416868066343 0.09130645571660577
9 0.5835898189869071 0.4894937234927865 0.5393840685898924 0.978987446985573
3 0.6079445083492369 0.06368263058703512 0.262875462066005 0.12736526117407024
4 0.6239254841311379 0.2039327163514425 0.19540898560806033 0.17745466492524556
4 0.8272733159519525 0.21329823353455368 0.16774171488675516 0.13091289862816405
5 0.8004604342386081 0.13254331089211052 0.1012285262996244 0.06538963330829752
5 0.6065629298510575 0.13671072084009553 0.12669571879810002 0.09293987182405111
12 0.6270021862343268 0.5960651809581083 0.5567107335866622 0.761394814945992
12 0.7989853432317034 0.5732720386086021 0.3942789951321724 0.7321442171635029
6 0.5763639968956408 0.7654288471894197 0.16238827057028168 0.16120246622757647