9 0.7230392156862745 0.5179282868525896 0.553921568627451 0.9641434262948207
3 0.8101307189542484 0.11452191235059761 0.26805555555555566 0.17252988047808765
9 0.537843137254902 0.5180079681274901 0.37310457516339873 0.9639840637450199
3 0.583186274509804 0.11623505976095619 0.21058823529411763 0.15420318725099602
4 0.5852287581699347 0.2790836653386454 0.15352941176470594 0.12151394422310757
4 0.7551143790849673 0.3194621513944223 0.13359477124183006 0.08547808764940233
5 0.7369117647058824 0.2468127490039841 0.08241830065359486 0.03956175298804784
5 0.5745424836601307 0.21948207171314743 0.10156862745098034 0.0594621513944223
12 0.5637254901960784 0.6643426294820717 0.4150326797385621 0.6713147410358565
12 0.7854411764705882 0.6703585657370518 0.42911764705882355 0.6592828685258965
6 0.5113725490196078 0.7438645418326694 0.12656862745098046 0.11131474103585656