9 0.22268191748151558 0.6936045781529815 0.44536383496303117 0.6115828271610981
3 0.08430074305415655 0.4902253742469506 0.1487535003565877 0.09899733516328914
9 0.471398744553648 0.6721584185872831 0.43627015201009983 0.6288383509823512
3 0.42792867035353543 0.4339404458894717 0.08166598982075492 0.07285542675810702
12 0.48253958471385194 0.7032882545200556 0.40956047786364896 0.564296870110144
9 0.6087232080958818 0.6326751214147149 0.2866795468032254 0.547064970071875
3 0.5218653623307755 0.42165309191886124 0.07997347707225537 0.0655837037774905
9 0.6831502763858351 0.5817355316428686 0.20703999346466112 0.44984809013955407
12 0.6883604659183867 0.5973172276166568 0.1921596055097814 0.3944890386454191
3 0.6305131848799904 0.4000490845109634 0.06088926181801575 0.0546247920611783
9 0.7733016934888587 0.533660015020842 0.16107684668106614 0.328305299494187
12 0.7762498635127885 0.5522242234194451 0.133077204679392 0.26801947316297764
3 0.7412629210788851 0.4006451469919768 0.05929738529283521 0.05023491346096523
3 0.37152687199718526 0.3394633472795749 0.0386212935134152 0.03488612314444013
12 0.22047707209245718 0.7356755545714825 0.44095414418491435 0.5255617374950806
12 0.6177369755505759 0.642325348553677 0.22567134571396444 0.44783870214405086
13 0.670314597420798 0.8463125336189053 0.07246695745128909 0.05660261048824173
8 0.08742273095283559 0.5656053411141105 0.041503137893818744 0.03502034720365556
12 0.8244292721851902 0.5319979990648692 0.10072278104337952 0.2478110200389855
9 0.8824870077344622 0.47606650887270463 0.10343536804087816 0.2019028460413533
12 0.8909312684290343 0.48142752545586537 0.078084282909236 0.1762662643045928
9 0.9326356787694912 0.4406434894914029 0.06663923856301517 0.13689158096189227
12 0.9352659325915966 0.4477138763831961 0.05306712151128465 0.11899650641300195