9 0.9058559318815081 0.2506078953855849 0.18616496271402017 0.29737251704106876
9 0.6911908245208406 0.24086982901477505 0.29543559557077087 0.31088518610316884
9 0.4705993522504122 0.16185330452808677 0.09544614857185447 0.08305387866826663
9 0.4493726692549279 0.3058749214242813 0.38719736268908705 0.2893128239340481
9 0.3234666810264734 0.24186486309691263 0.21245238023251772 0.1679381843065938
9 0.4102085504343774 0.16988798280287715 0.07946601290227111 0.059872485097118705
9 0.5429854650217849 0.18140925786681383 0.15326012992566074 0.12924248851946268
9 0.7619516003173732 0.3773689804938834 0.4727532190141298 0.3935671010507692
3 0.7067989868763614 0.2656410216505237 0.15178991251295412 0.12488195430766554
3 0.6812926522940449 0.12809969767221913 0.1241149091487401 0.07543697669731293
3 0.9606045731176279 0.13665682796043344 0.07653393702773544 0.052229002880421
3 0.4714723836462494 0.1418928650083951 0.06348587723268757 0.03669109152597084
3 0.5246625595145517 0.13626430606845255 0.061998941918225345 0.03017538490038059
3 0.3646908022675101 0.20487412081931475 0.10249631340378648 0.0660634462789765
3 0.2901077223279552 0.19078138259138683 0.077970718636931 0.0522791922646319
8 0.3830429641028158 0.24624752089353807 0.043295704146051626 0.02629016428494877
12 0.5085899964144183 0.26394646701646046 0.27283900257311355 0.1754340694779359
8 0.4575721898325588 0.17469725036529554 0.03899371826934314 0.027217182339212505
8 0.30421641094269714 0.2236846611630706 0.02886937539795298 0.01824516699456357
12 0.8016010172597305 0.35820860001428956 0.3925014647293449 0.23240151250537464
8 0.7048314118864252 0.3341179351726657 0.054789957019614845 0.026691679358636172
12 0.9105461300031409 0.294074473920157 0.1756644670531282 0.239909122386075
8 0.9466667640249872 0.17431035124836838 0.05336153436129716 0.027719076181321904
8 0.645765503784523 0.17135519965435259 0.034599783932979064 0.016290752117614167
8 0.3943287221753276 0.1801383418912664 0.03171786176371037 0.015112787142295733
3 0.4052801222127272 0.15713261116485683 0.04761440792451572 0.027518318644478144
5 0.39152203056395934 0.17161803100451586 0.023063736305026748 0.010501306009443948
5 0.4598652849358358 0.15684179387518604 0.037473347151369865 0.016391130886036047
5 0.36083972076730947 0.2384047666936352 0.014476482453365547 0.014510514531764574
5 0.6898413329249682 0.32225268232757015 0.028844298545319568 0.015012408373873977
5 0.64731095175513 0.15729638958048647 0.041808768831589405 0.01977445765935852
5 0.9467796098618377 0.1597629374552649 0.04323719148990692 0.01874706083667291
12 0.7337806762886112 0.2129883801115869 0.17049315028512785 0.12876717492309736
12 0.5399614406875936 0.20090618835937363 0.11130925892914861 0.09114906534286278