9 0.8756857142857143 0.21378349410503752 0.20197142857142872 0.2621007502679529
9 0.6169571428571429 0.2405251875669882 0.2165428571428572 0.26906752411575563
9 0.37725714285714285 0.19350482315112538 0.07561428571428569 0.06846730975348338
9 0.40008571428571427 0.3359163987138264 0.32358571428571425 0.22560557341907825
9 0.2572714285714286 0.2906109324758842 0.17362857142857147 0.13389067524115755
9 0.3204857142857143 0.20954983922829581 0.06664285714285711 0.04658092175777061
9 0.4540714285714286 0.20261521972132904 0.12225714285714291 0.10566988210075023
9 0.7433714285714286 0.36125401929260453 0.4129142857142857 0.3135048231511254
3 0.6403 0.262529474812433 0.12317142857142861 0.10108252947481247
3 0.5730857142857143 0.13259378349410506 0.10982857142857143 0.05319399785637729
3 0.8611714285714286 0.10176848874598071 0.09174285714285718 0.03459807073954984
3 0.37161428571428573 0.17408360128617362 0.05584285714285719 0.026034297963558436
3 0.42232857142857144 0.1617041800643087 0.05699999999999997 0.018971061093247577
3 0.28655714285714284 0.24928188638799573 0.0891857142857143 0.04811361200428723
3 0.2087142857142857 0.24563772775991427 0.06679999999999998 0.038606645230439426
8 0.31724285714285716 0.28712754555198283 0.03851428571428569 0.0184780278670954
12 0.44507142857142856 0.28712754555198283 0.23802857142857142 0.12801714898177924
8 0.36795714285714287 0.20783494105037514 0.03377142857142855 0.02051446945337619
8 0.23284285714285716 0.2754555198285102 0.025714285714285714 0.012625937834941021
12 0.7642428571428572 0.3391318327974277 0.35390000000000005 0.1616291532690247
8 0.6592857142857143 0.3287138263665595 0.049957142857142894 0.01668810289389073
12 0.8815428571428572 0.25725616291532694 0.18321428571428572 0.20651661307609862
8 0.8473285714285714 0.14167202572347268 0.048885714285714324 0.01764201500535905
8 0.5515285714285714 0.1794533762057878 0.03231428571428572 0.010214362272240056
8 0.3078142857142857 0.22153269024651662 0.029971428571428597 0.00919614147909966
3 0.3114571428571429 0.197470525187567 0.043157142857142824 0.018874598070739563
5 0.3026 0.21359056806002144 0.021914285714285678 0.006527331189710584
5 0.3651 0.19010718113612005 0.03467142857142855 0.009882100750267983
5 0.29304285714285716 0.2822829581993569 0.010600000000000023 0.012968917470525212
5 0.6409428571428571 0.3191103965702037 0.026685714285714215 0.009935691318327954
5 0.549 0.1654983922829582 0.03832857142857149 0.012240085744908914
5 0.8429 0.12760986066452304 0.040742857142857115 0.01093247588424436
12 0.6501285714285714 0.207545551982851 0.14202857142857137 0.10055734190782421
12 0.45664285714285713 0.2220150053590568 0.09085714285714289 0.07342979635584136