9 0.9109792284866469 0.28380341110242985 0.17804154302670624 0.3022230806417485
9 0.6958456973293768 0.26786491194097917 0.3026706231454006 0.31333380279253153
9 0.4681008902077151 0.18021027297383496 0.09792284866468842 0.08326055626832916
9 0.4465875370919881 0.32850506448307965 0.39762611275964393 0.2885506262023549
9 0.31602373887240354 0.2589326510145712 0.21810089020771514 0.16782906443202167
9 0.4050445103857567 0.1868856986669709 0.08160237388724036 0.05973272042405307
9 0.543026706231454 0.2023844147330902 0.1572700296735905 0.12943588158989192
9 0.7640949554896143 0.41092141699712853 0.47181008902077154 0.39387557350018804
3 0.712166172106825 0.29389164179826205 0.15578635014836795 0.12496858086219813
3 0.6847181008902077 0.15103559167485237 0.12759643916913946 0.07461102516519072
3 0.9666172106824926 0.16750457813462288 0.06676557863501484 0.051808042768495335
3 0.4681008902077151 0.15960893667093962 0.06528189910979229 0.036204884579776976
3 0.5229970326409495 0.1552319500580709 0.06379821958456973 0.02951041235987821
3 0.3590504451038576 0.2218085468379527 0.10534124629080119 0.06550797304711022
3 0.2811572700296736 0.20467145642272655 0.08011869436201781 0.05192466245805186
8 0.3775964391691395 0.2650764191448975 0.04451038575667656 0.02600120445887809
12 0.5074183976261127 0.28621433152959136 0.28041543026706234 0.17394121838046436
8 0.4540059347181009 0.1931396076152117 0.040059347181008904 0.027075916975128345
8 0.2959940652818991 0.23906303711906193 0.02967359050445104 0.01807652680332036
12 0.8048961424332344 0.3921909142461265 0.39020771513353114 0.2294657929425047
8 0.7114243323442137 0.3640540226743585 0.05637982195845697 0.02610486640515054
12 0.9169139465875371 0.32885180284644283 0.1661721068249258 0.2430993741520462
8 0.9599406528189911 0.20598159621993567 0.05489614243323442 0.02720549440796899
8 0.6483679525222552 0.19478290048330735 0.03560830860534125 0.015901186284251717
8 0.3887240356083086 0.1970505055580176 0.032640949554896145 0.014761685051581139
3 0.39985163204747776 0.17301122894218451 0.04896142433234421 0.02715366343483273
5 0.3857566765578635 0.18816773507576615 0.02373887240356083 0.010229595607467015
5 0.45623145400593473 0.17474600618959515 0.03857566765578635 0.015927101770819845
5 0.3545994065281899 0.2563685781969808 0.01483679525222552 0.01460619213217243
5 0.6958456973293768 0.35138384289866287 0.02967359050445104 0.01473576956501301
5 0.650593471810089 0.1802868491690494 0.04302670623145401 0.019306732238979326
5 0.9591988130563798 0.19095466751919463 0.04451038575667656 0.01820610423616094
12 0.7396142433234422 0.2396430148615382 0.17507418397626112 0.12847778876319818
12 0.5393175074183977 0.22246135252114446 0.1142433234421365 0.09119819166717096