9 0.7076 0.4576761619190404 0.57878 0.517271364317841
3 0.5891000000000001 0.2662818590704648 0.19746000000000002 0.13346326836581707
9 0.18897999999999998 0.686191904047976 0.37795999999999996 0.6118590704647676
3 0.11708000000000002 0.4182008995502249 0.16694 0.06524737631184405
8 0.14576 0.49830584707646175 0.10563999999999998 0.056116941529235305
5 0.14626 0.46080959520239884 0.08686000000000002 0.03335832083958021
12 0.70012 0.5283658170914542 0.5593799999999999 0.36934032983508247
8 0.61702 0.3673463268365817 0.14353999999999997 0.05434782608695648
5 0.597 0.3238230884557721 0.10846000000000004 0.030284857571214376
12 0.19106 0.7237631184407796 0.35198 0.40400299850074967
6 0.87874 0.7876611694152924 0.11098000000000002 0.1470914542728635
6 0.48522000000000004 0.6662518740629685 0.10431999999999994 0.08232383808095947
6 0.29758 0.6421139430284858 0.09703999999999999 0.06769115442278857
6 0.28082 0.6165067466266866 0.08574000000000001 0.07503748125937025