9 0.6251809302518014 0.5119360696469452 0.719677559522126 0.6335282360475717
3 0.6355463308914263 0.29957467247708786 0.25622069373793854 0.1744200835528492
9 0.19128987672911849 0.6256094634872382 0.38257975345823697 0.6666035423590919
3 0.10750953477485344 0.3511725561572693 0.1969703199960472 0.10010848756793202
8 0.10085828602056524 0.4365571715418846 0.13150651928703533 0.07801507578709858
5 0.11813779387916522 0.39975940596385945 0.10272022865536924 0.0516285085638709
12 0.6208168324407947 0.5811757896880752 0.7058753990034875 0.4827411036576193
8 0.6191066793035789 0.40488768137881653 0.16902292560366086 0.08449115111393492
5 0.6176178371386292 0.3579198504039354 0.12341620266250913 0.05334598630954903
12 0.1559417390673505 0.6691960438329279 0.311883478134701 0.47069977997354795
6 0.6926370762617168 0.8750761873181951 0.17561425319800034 0.16910653572931972
6 0.3604200311739861 0.6728200441854638 0.1417742914001828 0.10424052842383144
6 0.1871702637152707 0.6105023232238087 0.12811034686896927 0.08721004177642463
6 0.18224562170278033 0.5812088983205137 0.11818180798503915 0.09173591828820078