9 0.8115384615384615 0.5009738562659651 0.3769230769230769 0.9364712697349032
3 0.7666044040197447 0.14198648623299248 0.09384091846254793 0.11819519768521554
9 0.28604276562637726 0.7074735505806747 0.4389995490790158 0.5850528988386506
3 0.3012641522964537 0.5162735738309187 0.13010315890239676 0.15246181272760034
9 0.62689951769685 0.5426294598205126 0.24961991416379253 0.42456647979449286
12 0.6301814840074966 0.5219982142735899 0.19951675526139578 0.27630809302423254
3 0.5905941881667468 0.4216785418944187 0.10037088964006566 0.1324074270323613
2 0.7304322340232777 0.5365117559795242 0.07076399538562468 0.11698267096675213
2 0.9738683356768161 0.496406721355471 0.05226332864636788 0.09574516206059751
2 0.5794357439148295 0.6903844464455738 0.05076399538562485 0.11593181447741724
2 0.7042901332077133 0.620664454508234 0.059367889576941564 0.09326867701665423
12 0.8440942861701319 0.5616183363350274 0.3118114276597362 0.7874045318190007
12 0.29434496763624957 0.758884487193986 0.4131643758285019 0.48223102561202796