9 0.8098377855641252 0.572373240483189 0.3803244288717495 0.855253519033622
3 0.7473770440934336 0.24143100948786214 0.0819727979884669 0.10545382479011649
9 0.3044916046262007 0.7240477021352738 0.38525209963223017 0.5519045957294524
3 0.3217447697430452 0.5409461864221607 0.11418978975136893 0.13480378124364945
9 0.612818380799577 0.5876078503030765 0.21581199816079089 0.3779206088259074
12 0.6158207339239922 0.5692835103200343 0.17432847003169752 0.24472346456986377
3 0.5828515126490675 0.47800422305997553 0.08770714393277829 0.11621752544534826
2 0.7053942567494735 0.5887184393559799 0.06141637047403242 0.10589573245696442
2 0.9291667113080455 0.5712983400022138 0.05406855770628879 0.08469317275362719
2 0.5664377891065437 0.7159411559762386 0.043559227616889566 0.10448808549275065
2 0.6803593777473429 0.6620201920501548 0.051273336869074766 0.08241049597973055
12 0.8347157323478217 0.6348915250931034 0.3186988251444524 0.7302169498137931
12 0.3103785789580198 0.7711308483874572 0.362489139979581 0.45773830322508574