9 0.7516313720427332 0.5422321731356432 0.4886901370554984 0.9155356537287136
3 0.8524169063620111 0.17497694408913542 0.23999864956877515 0.17098547440682044
9 0.5703074383686896 0.49266540797680075 0.7600735281158633 0.7511839392515394
3 0.6260344699235222 0.21250668202341785 0.3113462621950476 0.1396891859605057
9 0.3903533682398655 0.4313227957592542 0.5189775441572195 0.561448464844719
3 0.3542995422649872 0.21851855776842644 0.26623401417740683 0.12803574204100626
9 0.18610050866372332 0.42197753369353663 0.37220101732744665 0.5022884007204066
3 0.1949471705676522 0.23078375244707072 0.2236176411635679 0.11437171639128134
12 0.6684031879613501 0.6310285145693336 0.5165963774282729 0.4761045497811601
8 0.6040125775727083 0.3871792998094327 0.16766841082748937 0.0961772660593508
12 0.4583766917435869 0.5458962164478268 0.3366924436684124 0.3941468590396037
8 0.348353843211084 0.34251326690331363 0.13503553782885724 0.07447091348872377
8 0.19454188871628655 0.3497156314548402 0.13253966282505555 0.07648149521894917
8 0.9070391917533697 0.3841237766350512 0.13796176286850634 0.12447091348872377
5 0.5510218582292247 0.3293651403426149 0.10739441483782838 0.04874339745764568
5 0.8919779105244183 0.3054531396117426 0.09966293773978585 0.05060847598165547
5 0.31992741870694746 0.2905985809993533 0.09095605229519367 0.03580688783899883
5 0.16462367462361174 0.30088956974932596 0.0723875928787133 0.031130959950577502
6 0.7314060843887543 0.71937838958347 0.297167140338041 0.21001325807208435
6 0.3662623420368655 0.5965476619421612 0.2578355527253433 0.1631614022952417
12 0.23272942044924233 0.5260615361123346 0.3016210498034059 0.3307738398023099
6 0.23638359286457183 0.5084259543821091 0.15007535975755878 0.10816800483759602
6 0.05556360334284674 0.5249173357521314 0.11112720668569348 0.10579366509183158
12 0.8608975961308422 0.7021098848024192 0.23040979875738019 0.5430291218361935