9 0.15395894428152493 0.38876341759392147 0.30791788856304986 0.5903145745037871
3 0.10190615835777127 0.17825733407470115 0.20381231671554254 0.15449854770962854
0 0.038856304985337244 0.22093743815969097 0.07038123167155426 0.06334314251716519
9 0.7778592375366569 0.4060547060466373 0.4442815249266862 0.7080171333951117
3 0.6957478005865103 0.15102699199360897 0.27126099706744866 0.1571535673649368
9 0.4149560117302053 0.14301972635842605 0.31085043988269795 0.2860394527168521
3 0.3819648093841642 0.016040549555281478 0.09970674486803519 0.032081099110562956
8 0.10850439882697947 0.294187031203805 0.1348973607038123 0.07359197763660773
12 0.437683284457478 0.16283731044494737 0.2536656891495601 0.22143892711009489
8 0.3936950146627566 0.054987347205400265 0.07331378299120235 0.043634789608097
12 0.01906158357771261 0.32358887540674064 0.03812316715542522 0.2625138791424659
12 0.8350439882697948 0.263935869711793 0.30791788856304986 0.32379475071524083
5 0.3819648093841642 0.031770675657233224 0.05278592375366569 0.019698986843821018
5 0.13269794721407624 0.24752984138203168 0.06598240469208211 0.034535627827904036
6 0.8350439882697948 0.6659182485664185 0.14222873900293256 0.0915017121040255
6 0.3387096774193548 0.2658522059312968 0.04398826979472141 0.049088362751642356