9 0.6139644624378955 0.4397385114123721 0.4810047927034597 0.8794770228247442
3 0.5628891936155518 0.05571999108875032 0.18546080585246985 0.11143998217750065
9 0.26090448778932374 0.5338661186236213 0.4220275827910887 0.9272293163045294
3 0.22049361888846813 0.1721191724053432 0.14655590671702334 0.13839567067551967
8 0.25031654728995684 0.3201157392730313 0.1046182633723234 0.11708871435751762
12 0.6574431231048489 0.4797499221613013 0.3874276740709008 0.7374690746389755
8 0.5849044165044808 0.17458335391109095 0.11348176293298334 0.1456051259796629
5 0.2595321464512665 0.24614478219634062 0.06958343132093238 0.057135621981490865
5 0.5638354997000791 0.10518174227381333 0.07241497575838597 0.050768076649190044
12 0.27509523851804313 0.6544169437394126 0.3870085078796514 0.6833565205264215
6 0.3289212470626796 0.4930272434564996 0.0949342075845107 0.16859590224134965
6 0.5905733649339718 0.6514467074098997 0.12727162837964795 0.25223255726569466