12 0.8440071524547496 0.48593553857710786 0.31198569509050095 0.6821740870554905
2 0.8143608769959182 0.7215493688445072 0.16890787498817517 0.17391682228510097
2 0.7640219945391524 0.6421548368304166 0.07620662667541371 0.1326380784583413
4 0.7907424333397506 0.21033292522753522 0.13215793347464436 0.194342261691334
3 0.7501108578026618 0.05495162126332452 0.13070670405797966 0.032180099529171835
2 0.14264517890611914 0.7858533802207783 0.11797862511569351 0.1575198194866895
2 0.5613459494295354 0.6284013943622644 0.07114425782042438 0.08282639351925564
2 0.541493748835759 0.602512544181961 0.05023810263616444 0.0681332707528294
12 0.6235058924431721 0.48110485506748596 0.1455251588125556 0.2693874583368828
4 0.5678598473338596 0.3890280333527799 0.051493616867851554 0.07946006586147451
3 0.5577552655880013 0.29165691572686075 0.10087932455473553 0.18131158655070362
12 0.09418533427104954 0.5940100702125354 0.16606850664264966 0.24354004056276848
4 0.13203246453141787 0.5027369856314324 0.06816379772605641 0.13668384603115752
3 0.12518760414949948 0.44719636929064005 0.09682475390576337 0.24411251422423041
4 0.40625880897197897 0.580205444398388 0.011708591823817218 0.01867335649185847
12 0.4151511106425039 0.6065978491546693 0.02114802675370428 0.04172014979345325
4 0.41662118472556753 0.5774168706464661 0.010574013376852206 0.020860074896726626
12 0.4347412837027158 0.6032074200556935 0.025948368075129236 0.0622525554532599
4 0.4308840391691128 0.5590918995946225 0.014138996430710222 0.03231793770014005
4 0.4480639635865522 0.5443091415396174 0.024713009807562428 0.0531780125968668
12 0.5289659182369548 0.5567793937393835 0.08070462853503368 0.11938670033436392
4 0.5041420506267306 0.49121399375512925 0.03170188416643605 0.06032797243792775
3 0.5083477910066053 0.4453049579734943 0.08457195105069681 0.16462834692156114
2 0.3894920818190068 0.6411593736245642 0.022201981344187934 0.030524422379576085
3 0.38447002489225807 0.5958521931899831 0.01889902582389443 0.04834583885544207
3 0.3906799724043856 0.5804468635848296 0.01774429141280898 0.048280305008057973
2 0.41025714525442447 0.6400867306252248 0.02809658918433729 0.044365605130009825
3 0.4014685456326143 0.5607991648647077 0.022423696949511834 0.05529919715435086
3 0.41356302300283104 0.5581088918838618 0.021309274466666996 0.05973816781147127
3 0.4272283542767132 0.537498901656074 0.03413228877332905 0.07397255364620933
3 0.4529680069566917 0.511946386195188 0.05521984763467228 0.10893594668290595
12 0.17740683572568333 0.6077375162331956 0.08214154644380381 0.15098376571327957
4 0.19244146126202746 0.5466852862359433 0.037697271827187136 0.08543041644962275
3 0.1921088878540418 0.5095231240737812 0.06964102756306732 0.17278541591457752
3 0.22766086080013367 0.5486840685811566 0.04723748657767592 0.11973847101247892
12 0.23015888905333495 0.6343679549378184 0.05276928706365897 0.09303911322237211
4 0.23721115353268263 0.5841182492701389 0.023578431360597285 0.05536473100173496
12 0.2536999307138044 0.6210717591695517 0.03180266398703784 0.07158923369918889
4 0.26373981104146743 0.5822471493815936 0.021127870789583975 0.039467897541200996
3 0.26168521399891376 0.5461128125744815 0.03433384841453251 0.09649507616873185
2 0.23351939023787663 0.6874597174842063 0.03865044659706912 0.06297342777448445
2 0.2610616904089045 0.6698883856772793 0.029231167631302433 0.04217888672514167
2 0.29275641882139336 0.6649338097235837 0.024571918058719954 0.03741224683110103
4 0.2784964866059611 0.6191023585099302 0.011809371644419014 0.02993461775311973
3 0.28126238684895266 0.6057526796148768 0.027082946522094312 0.060065837048391496
2 0.30766718634490253 0.654524488478315 0.014038216610108557 0.021056676438878916
3 0.30311163882103465 0.5968626875800385 0.02136974235902818 0.06649492456822803
2 0.18981080831165245 0.7041135754277568 0.049163992081560214 0.07707674591445432
2 0.4368865825838111 0.6494768919979408 0.023356715755273386 0.03058995622696018
2 0.4783360855981652 0.638322596990253 0.03745540025774299 0.058403389422595854
12 0.46738918688508674 0.5757958554268595 0.052809598991899714 0.09754361772687663
5 0.7454386080199062 0.11321527750865489 0.09681044239786867 0.11354741744098382
5 0.4975289838321962 0.46157427831523773 0.02795549743549501 0.028599839364244057
5 0.20140723103508645 0.5168041516096102 0.02455176209459958 0.03515999457884878