12 0.8697999999999999 0.539805447470817 0.25720000000000004 0.5083657587548639
2 0.8147300000000001 0.7308560311284047 0.13906999999999994 0.10449416342412458
2 0.77655 0.6530544747081712 0.058690000000000055 0.09521400778210105
4 0.82973 0.2891439688715953 0.10427999999999997 0.13548638132295718
3 0.80923 0.08861867704280155 0.10849 0.11653696498054476
2 0.23154 0.6604474708171206 0.09468 0.10533073929961087
12 0.06489 0.4822568093385214 0.12978 0.2657003891050583
2 0.055170000000000004 0.6565564202334631 0.10993 0.11622568093385216
4 0.028 0.2885992217898833 0.05599000000000001 0.1589688715953307
3 0.047270000000000006 0.11206225680933851 0.09301000000000001 0.1734046692607004
2 0.6031799999999999 0.6042412451361867 0.05796000000000004 0.05284046692606998
2 0.58788 0.5779961089494163 0.04055999999999994 0.04624513618677039
12 0.66686 0.49005836575875483 0.11132999999999993 0.19719844357976657
4 0.62548 0.4002140077821012 0.040549999999999954 0.05645914396887156
3 0.62317 0.31599221789883264 0.0771500000000001 0.1315758754863813
12 0.20287 0.48719844357976644 0.13122000000000003 0.168988326848249
4 0.24184 0.41675097276264594 0.05128000000000003 0.10118677042801555
3 0.23970999999999998 0.3674124513618677 0.06887999999999997 0.189124513618677
4 0.47282 0.5337937743190662 0.008639999999999986 0.013852140077821021
12 0.47858999999999996 0.5575291828793775 0.01584000000000003 0.030661478599221772
4 0.48195 0.5329182879377432 0.008309999999999946 0.014591439688715954
12 0.49557999999999996 0.5583657587548638 0.01875 0.0485992217898833
4 0.49560000000000004 0.5204280155642024 0.010799999999999954 0.024494163424124575
4 0.5112000000000001 0.5108949416342413 0.018000000000000058 0.04044747081712061
12 0.58008 0.5364591439688716 0.06357999999999993 0.08186770428015566
4 0.56329 0.4760700389105058 0.024180000000000063 0.04474708171206226
3 0.56998 0.4377431906614786 0.06356999999999993 0.12140077821011669
2 0.45391000000000004 0.5828599221789883 0.01741999999999996 0.020953307392996074
3 0.45281 0.5429766536964981 0.013220000000000027 0.038482490272373486
3 0.45951 0.5309143968871595 0.012610000000000014 0.037723735408560284
2 0.4723 0.5857782101167315 0.022210000000000035 0.030680933852140043
3 0.47 0.515953307392996 0.015610000000000014 0.04278210116731519
3 0.4807 0.5165369649805448 0.01500999999999999 0.047840466926070045
3 0.49389999999999995 0.5013618677042802 0.025399999999999978 0.05640077821011675
3 0.5177999999999999 0.4840466926070039 0.041589999999999974 0.08169260700389107
12 0.27384 0.5150972762645915 0.06297000000000003 0.11011673151750977
4 0.29073000000000004 0.4653696498054474 0.02707000000000005 0.06614785992217899
3 0.29344 0.43330739299610893 0.050310000000000056 0.13416342412451357
3 0.32133 0.4733657587548638 0.034129999999999994 0.09295719844357972
12 0.31718999999999997 0.5471984435797665 0.04034000000000003 0.06799610894941643
4 0.32683 0.5056420233463035 0.01725999999999999 0.04163424124513614
12 0.33836 0.540136186770428 0.023440000000000055 0.05459143968871585
4 0.35002999999999995 0.5089494163424125 0.015649999999999976 0.028793774319066115
3 0.35043 0.47764591439688714 0.023539999999999964 0.0766147859922179
2 0.31633 0.5927626459143969 0.030259999999999992 0.044688715953307444
2 0.34163 0.5832490272373542 0.022850000000000023 0.029513618677042722
2 0.36892 0.585194552529183 0.019440000000000054 0.025622568093385135
4 0.35993 0.5431906614785992 0.008419999999999959 0.023929961089494075
3 0.36323 0.5321011673151751 0.02034000000000003 0.04552529182879373
2 0.38262 0.5787743190661478 0.011159999999999969 0.01443579766536957
3 0.38272 0.528385214007782 0.01424000000000001 0.052120622568093314
2 0.27784 0.598988326848249 0.038470000000000025 0.054027237354085565
2 0.4943 0.5984241245136186 0.018200000000000046 0.020953307392996074
2 0.53099 0.5972373540856032 0.02958999999999992 0.04196498054474718
12 0.52576 0.5416926070038911 0.04072000000000003 0.07194552529182884
5 0.79725 0.1985408560311284 0.0789000000000001 0.07330739299610896
5 0.03431 0.20750972762645914 0.06222999999999999 0.06013618677042801
5 0.5597300000000001 0.4490077821011673 0.022819999999999938 0.01665369649805448
5 0.30087 0.4417704280155642 0.01975 0.023735408560311262