3 0.5110255714646117 0.2289381365117187 0.1578612501514513 0.11731362320187445
10 0.3210551910799346 0.3835800305724555 0.05057716196069745 0.08232627345109125
3 0.3404180231456322 0.31547278428274755 0.09855126839201013 0.09742565614587986
5 0.1507730247021281 0.46171131699894646 0.04287558716430141 0.027410972867126984
3 0.15395927342327284 0.4154194666428714 0.08705270209329521 0.08843539111240523
12 0.7668712781769189 0.4607974932271975 0.14272838332100385 0.15845007439115824
3 0.7540160849346832 0.36083751262614916 0.0645436424076249 0.08305990306226244
12 0.5065128519552591 0.6694543404498999 0.3027571087030101 0.6197146090301461
2 0.6382733695563784 0.8302586341900615 0.12794844802114377 0.1367080414186425
2 0.7339637711684168 0.770721467055719 0.11466028104597678 0.08149928899020978
12 0.16544536821023004 0.5867346557113741 0.20545487546276253 0.2665733355647996
12 0.35755958408489585 0.6646991352726247 0.2480575732988207 0.5749100097850065
10 0.24326340279831477 0.41282507746751035 0.03842783177963626 0.056529285728540865
3 0.2584500655246412 0.38057884281432236 0.06668617461466411 0.06639990629542104
12 0.044470666449297744 0.6504268260931304 0.08894133289859549 0.20740298323604253
3 0.02396145855066613 0.5230091952000999 0.04792291710133226 0.06566627668424986
2 0.21733913601327629 0.7223822364904462 0.04976370710776467 0.06131787008974672
5 0.5565593133371263 0.27686396390096357 0.057655522464161564 0.0491530058396427