3 0.5365853658536586 0.1929912450796619 0.1676829268292683 0.1328441677571191
10 0.3399390243902439 0.3644322923830104 0.054878048780487805 0.08859720719590783
3 0.3551829268292683 0.2891445645143915 0.10670731707317073 0.10830700583709922
5 0.1600609756097561 0.4491577564620708 0.04573170731707317 0.03331112832074892
3 0.1600609756097561 0.39869904086574043 0.09146341463414634 0.09873234838461711
12 0.8338414634146342 0.4485044048526033 0.15548780487804878 0.17839545096944545
3 0.8125 0.3401457559787614 0.0701219512195122 0.09358470868508718
12 0.5670731707317073 0.6658750542097545 0.3231707317073171 0.6682498915804911
2 0.7225609756097561 0.8515451852659981 0.13719512195121952 0.15497925652187994
2 0.823170731707317 0.7853801262872419 0.12195121951219512 0.09494588347306729
12 0.18597560975609756 0.5851594447734921 0.21951219512195122 0.29934295722399856
12 0.40396341463414637 0.6688660371696736 0.2652439024390244 0.635406379122729
10 0.2576219512195122 0.39667409626804767 0.039634146341463415 0.0652610818535176
3 0.27134146341463417 0.3603371595349145 0.0701219512195122 0.07523608483187617
12 0.053353658536585365 0.6527773561295588 0.10670731707317073 0.22757306088297077
3 0.025914634146341462 0.5144420552838984 0.051829268292682924 0.07475567020082428
2 0.2545731707317073 0.7337499904656246 0.054878048780487805 0.07024858334269682
5 0.5899390243902439 0.24714474799821148 0.06402439024390244 0.05672732276831451