14 0.376953125 0.7054945054945055 0.1484375 0.5201465201465202
9 0.37451171875 0.6556776556776557 0.126953125 0.5684981684981685
14 0.6064453125 0.6952380952380952 0.19921875 0.5860805860805861
9 0.60400390625 0.6608058608058608 0.18359375 0.6505494505494506
3 0.59716796875 0.3597069597069597 0.0625 0.060073260073260075
3 0.3720703125 0.4 0.06884765625 0.0695970695970696
13 0.5791015625 0.915018315018315 0.03076171875 0.08717948717948718
13 0.60546875 0.9597069597069597 0.0341796875 0.05128205128205128
13 0.36376953125 0.9157509157509157 0.0380859375 0.05128205128205128
13 0.3955078125 0.8871794871794871 0.03515625 0.04981684981684982
6 0.68115234375 0.6637362637362637 0.03369140625 0.06373626373626373
6 0.5244140625 0.663003663003663 0.02978515625 0.05128205128205128
6 0.4267578125 0.6717948717948717 0.0234375 0.05128205128205128
6 0.3212890625 0.6534798534798535 0.02001953125 0.04542124542124542
