9 0.9638888888888889 0.5221518987341772 0.07222222222222222 0.41139240506329117
9 0.9268333333333334 0.41629746835443043 0.036451388888888735 0.27484177215189876
9 0.9115555555555557 0.5561234177215191 0.0644861111111112 0.2886550632911393
9 0.1874722222222222 0.47210443037974686 0.05798611111111111 0.2725474683544304
9 0.47486111111111107 0.5960284810126583 0.07398611111111109 0.3663449367088607
9 0.8390555555555556 0.5583544303797469 0.07938194444444441 0.343006329113924
14 0.9632499999999999 0.5404588607594937 0.0735000000000001 0.31572784810126575
14 0.9028125 0.5604905063291139 0.04469444444444453 0.18234177215189876
14 0.4831736111111111 0.6065664556962026 0.058118055555555596 0.2886867088607596
14 0.18928472222222223 0.4787341772151899 0.05728472222222223 0.2175316455696203
14 0.8308125 0.5795727848101266 0.07233333333333324 0.2709493670886076
7 0.9218819444444445 0.2953481012658228 0.024687500000000126 0.027373417721519005
7 0.9501180555555556 0.3365664556962025 0.03686111111111106 0.04832278481012661
7 0.8300069444444444 0.3928797468354431 0.02088888888888884 0.031629746835443055
7 0.16934722222222223 0.35357594936708864 0.02154861111111109 0.022436708860759505
14 0.8913125 0.4190189873417721 0.024381944444444532 0.024604430379746762
13 0.9852152777777778 0.7218987341772152 0.029569444444444395 0.03210443037974678
13 0.9031458333333333 0.6790506329113924 0.02450000000000014 0.0288607594936709
13 0.9356249999999999 0.6525949367088607 0.015395833333333385 0.06031645569620254
13 0.49902083333333336 0.7703955696202531 0.029215277777777732 0.03322784810126582
13 0.4609375 0.7671360759493671 0.02457638888888896 0.03821202531645566
13 0.869013888888889 0.7244778481012658 0.025236111111111213 0.03536392405063295
13 0.8123402777777777 0.722753164556962 0.025506944444444457 0.028069620253164573
13 0.9530277777777777 0.7041613924050633 0.02747916666666678 0.054541139240506374
