9 0.8342083333333333 0.2930537974683544 0.093861111111111 0.23919303797468358
9 0.6067361111111111 0.33724683544303796 0.05050000000000002 0.3062183544303797
9 0.6458333333333334 0.3262341772151899 0.05827777777777783 0.33362341772151904
13 0.6241597222222222 0.46787974683544303 0.015951388888888907 0.028386075949367175
13 0.6370902777777777 0.47303797468354425 0.016784722222222274 0.03325949367088605
13 0.6610347222222223 0.4654272151898734 0.029881944444444426 0.039778481012658205
13 0.5983055555555555 0.4810443037974683 0.01906250000000003 0.030268987341772146
13 0.8052569444444444 0.4000158227848101 0.023513888888888976 0.02299050632911388
14 0.84025 0.3071360759493671 0.07979166666666673 0.164620253164557
13 0.79525 0.31017405063291137 0.014937500000000152 0.03335443037974681
14 0.6381944444444444 0.33308544303797466 0.05138194444444445 0.25034810126582285
6 0.6450138888888889 0.34329113924050636 0.012368055555555518 0.03441455696202532
7 0.6295833333333334 0.16998417721518988 0.02321527777777782 0.027199367088607592
8 0.8605902777777777 0.21680379746835446 0.013798611111111036 0.01936708860759495
7 0.8605972222222222 0.18477848101265823 0.02052083333333346 0.02148734177215192
7 0.5957152777777778 0.19950949367088608 0.0196805555555555 0.0321518987341772
14 0.5990486111111111 0.3018987341772152 0.03831944444444449 0.14598101265822783
6 0.8531597222222221 0.2283227848101266 0.01545138888888889 0.03142405063291141
