9 0.962609401298529 0.20935702833804706 0.07478119740294202 0.3471767388414278
9 0.35189365285069957 0.5616675680164687 0.04330414540822261 0.2995865157879976
9 0.3129484524586175 0.5906035354283898 0.04187332733061062 0.29456254239225943
14 0.3560437559285865 0.519896618703041 0.03153163727309604 0.13156301341173757
14 0.3142843697662635 0.5580714714177651 0.03155226787526257 0.13965362829846878
7 0.35406646332174796 0.4400115369040243 0.022818819073991945 0.05125736073957491
7 0.31190914296579736 0.4612384994725372 0.020641646054324277 0.03158547831587081
13 0.3239271552667053 0.7228266475817141 0.016373948544088173 0.026222295992734464
13 0.3511434082163964 0.6847721176425602 0.018534617082022645 0.039421686507053445
13 0.3610993060133973 0.6941026857494169 0.016369822423654912 0.024604173015388184
14 0.970080966531767 0.19633068257352937 0.059838066936466004 0.28228909585608175
