9 0.3324878349076657 0.3943689627869817 0.09997619035170818 0.3900766941946743
14 0.409065000484298 0.43112797578425355 0.08252004972968552 0.32924632526811226
9 0.4085779278012112 0.41661280440756693 0.0869884528598316 0.4128172148564915
14 0.336836054721429 0.3598019625275578 0.08890891655922768 0.2703164063819175
13 0.33935935342907914 0.5737421437191902 0.03304370116216513 0.05867617872133523
13 0.2910525900012198 0.5417909355530176 0.025501047933630616 0.052980247267393935
13 0.3794611709037141 0.5846022143867996 0.030626054913739917 0.048293929897397836
13 0.4027666047139941 0.5958267113918848 0.02463444025087532 0.04611813711519718
7 0.4162217792956083 0.23924805035476163 0.02919646754796423 0.05157651231409257
7 0.35444969821804573 0.23006705738228705 0.017594041105414415 0.026876152548146515
