9 0.9616458333333333 0.31955696202531647 0.07670833333333336 0.3285917721518988
9 0.361375 0.6146518987341771 0.039222222222222235 0.28655063291139243
9 0.3232638888888889 0.6403322784810127 0.03836111111111112 0.2813132911392405
14 0.3652291666666666 0.5747151898734177 0.02994444444444441 0.12316455696202537
14 0.32418749999999996 0.6085759493670886 0.029673611111111123 0.13178797468354425
7 0.36259027777777775 0.49648734177215187 0.02201388888888892 0.04700949367088613
7 0.321625 0.5140506329113924 0.019902777777777755 0.027594936708860845
13 0.33465972222222223 0.7703797468354431 0.015638888888888876 0.023465189873417787
13 0.36119444444444443 0.735379746835443 0.01788888888888888 0.03530063291139232
13 0.37077777777777776 0.745237341772152 0.01615972222222221 0.020759493670886083
14 0.9687777777777777 0.30707278481012656 0.062437499999999896 0.2667879746835443
