9 0.847658737725692 0.3414246623015977 0.11770608990494172 0.30064312019937905
9 0.6153018348065363 0.30328937898933617 0.0800191421408236 0.34172192752511
9 0.6555806585233303 0.3066101615145938 0.09080113685995288 0.3755755377681811
13 0.6202944643616417 0.4427143653987453 0.018636228427846672 0.03804984081654583
13 0.632747585040189 0.4526213098002873 0.020079360609903594 0.04473520817577399
13 0.6573449141596417 0.4537482342542532 0.033664626400550964 0.059386263235021094
13 0.592833694033539 0.44600052094010856 0.02221086156595066 0.04173394325370399
13 0.8085470934930743 0.4397247013421933 0.02576474638090595 0.037274723215292294
14 0.8526080335794616 0.3579281566745923 0.09610060382038545 0.21664925476209698
13 0.8070066819694943 0.3446612151014891 0.01793541065996699 0.0428504796125016
14 0.6473718662660433 0.3100347371852045 0.07559845297279777 0.28583520655491745
6 0.6530427282108413 0.32319554787858507 0.015795610374660284 0.042594415544343504
7 0.654218682578831 0.14151410198398728 0.025777195374795166 0.042160716700634364
8 0.8817007458302762 0.27385239924631355 0.015758263392992307 0.027936435088317443
7 0.8846368061699474 0.24093769058648917 0.022903380004570865 0.03367597546752012
7 0.6174522470306942 0.15893918444828145 0.022932427656979202 0.04507662693331811
14 0.6111239010193524 0.2638992269953594 0.05249173940136774 0.17235467082681105
6 0.8731207963659006 0.2830199779945163 0.018644527757106153 0.04130716980677376
