9 0.1730400653046253 0.16223192876235912 0.07631830929997 0.15207245761465515
14 0.222450365287746 0.16050467487394127 0.09957493700858237 0.19858184091245085
9 0.21317365251202164 0.15649307803102278 0.09929098208317784 0.18395189254756272
9 0.07737551315202512 0.3727248286811265 0.12893342096366833 0.2936899075265524
9 0.022048818117641273 0.24735608142986987 0.03758337618188347 0.16449609875816043
9 0.2767792837745676 0.2937088916248245 0.11270519581866015 0.22539162675085606
9 0.21408494459272828 0.4404167116233329 0.13155313656436993 0.2810066363530715
9 0.060564986747405104 0.5877961573763338 0.10178763210548677 0.1944593203592084
9 0.06097777038379134 0.7127388658337269 0.06843189899810238 0.15918630536856004
14 0.0984824275474116 0.7640917970002732 0.07360451727588108 0.13037742222985974
9 0.08889670499992344 0.7441593739955648 0.07797365481492174 0.14876542090023961
9 0.14371088001064486 0.8579327717542581 0.12862220253850107 0.24812399339512653
9 0.2044904906003264 0.5829526559043874 0.11804926371230723 0.26447877153077376
9 0.2911518278024503 0.634322054257939 0.12260827975336516 0.2631184120077654
14 0.4776971117849203 0.8851302657437902 0.12131157070473507 0.16677797119819826
9 0.4744092669479727 0.8638411425909632 0.12673915475291278 0.21016804196778893
9 0.46585338158407696 0.7636713400623529 0.11298031613045086 0.12144122323720044
14 0.3397790782489853 0.05906352668011078 0.07366076993064921 0.10374438245299497
9 0.32719167444335745 0.06220721957531466 0.08051599722314215 0.10256442836641706
14 0.43391010780794437 0.05153276537116528 0.06278102998609496 0.10306553074233056
9 0.4323497015440013 0.04513475308554033 0.06253048152250261 0.09026950617108066
14 0.4670297870292392 0.04407578599023403 0.06723982664171603 0.08815157198046807
9 0.4689471041042611 0.03932001672203996 0.06992635516604226 0.07864003344407992
9 0.3927511007237624 0.18160063117502678 0.12082545135321386 0.2303259717680356
14 0.4377839115523894 0.1616865050447684 0.09588448897464429 0.2446926307280581
9 0.4359281272665639 0.15493712753861447 0.09662557409656458 0.2533435840665117
9 0.44009337472424526 0.33991784373544487 0.12078590192935196 0.25781959674283506
9 0.5520442335005644 0.3612886619962796 0.1736365844809792 0.3229802681158762
9 0.4221272539060759 0.510261292817607 0.1531165949894115 0.2698117100301417
9 0.512873773721836 0.5647573224491437 0.15429196411489168 0.30083787851489463
9 0.7655696198579367 0.7728757694888037 0.13203925591589116 0.2174586357832343
14 0.7675005686828399 0.7834977803856632 0.10736112792501319 0.18630448197093838
9 0.7905097194088849 0.7989279806596046 0.09318912583670416 0.13535320923125688
9 0.6724837848876941 0.6422856018787166 0.16091334617469868 0.28760973165723247
9 0.6830281143883433 0.5190677231920828 0.09848308403763281 0.17185859841737078
14 0.9066775578221467 0.6376761612093196 0.10980152529255409 0.2234449495594489
9 0.9006561462491789 0.6088447273910657 0.11453813391153013 0.2607658225843899
14 0.9396174358121199 0.5575174118487496 0.0946590101564456 0.2110847066495013
9 0.9290453598135475 0.5311982518981929 0.10567679325505593 0.2471805242287567
9 0.8097825233776801 0.35526035820243806 0.18925907600655895 0.301007305826655
9 0.9266918267423229 0.28924033688869377 0.14661634651535435 0.286388335586437
14 0.8156728975862626 0.24404374124033598 0.09081381573754521 0.19016005374442532
9 0.8053324581669729 0.20003748337301255 0.08797081517301418 0.2208705127154251
9 0.8666831532571883 0.2210742952456439 0.15143226031945448 0.33068775228795994
9 0.7898751701265116 0.060479965686896814 0.07935560567332542 0.12095993137379363
9 0.7521432936904158 0.09798428589454244 0.1288393445402812 0.1959685717890849
9 0.5601103418650535 0.14000917210420963 0.11260497643322322 0.22022811556324853
14 0.601350276620902 0.13202865565982153 0.09565064374195824 0.2326444379569738
9 0.598990323926867 0.12218182908119433 0.10020351682096647 0.24436365816238867
9 0.7187655772176968 0.05029799025644319 0.09883999484871171 0.10059598051288637
14 0.6770882869772636 0.04868408419600797 0.08666796316233438 0.09736816839201594
9 0.680989734050932 0.042547234412696776 0.08873032918108321 0.08509446882539355
14 0.8811921882759449 0.027813086657051102 0.11140848677002999 0.055626173314102204
9 0.8739747700379448 0.02606753589418309 0.11763955155694578 0.05213507178836618
9 0.9796282341018843 0.4603554037078068 0.040743531796231476 0.24823981173757176
9 0.03175108345201182 0.436211260704851 0.04997254987004093 0.18265493125811216
7 0.17745893270692373 0.34546892388376654 0.03706730167903557 0.04931298631224755
7 0.17134220205348683 0.4894554304060447 0.033996598843867805 0.03876045714149425
14 0.4204020239864748 0.5250490959393719 0.1341121822034967 0.2356662290171835
7 0.364653813870791 0.43720600751648536 0.03811518791931628 0.0442396778428551
7 0.4090127323305829 0.2492748116729966 0.033996598843867805 0.03876045714149425
7 0.24798342953586258 0.21710766057142042 0.03173379405424494 0.04030122210093305
7 0.5364357535543266 0.2384017247531729 0.03516140770049154 0.039711245057644166
7 0.5430491638281412 0.06076219279323036 0.03337243633829053 0.03613360018858291
7 0.5857584999055704 0.0162198408686376 0.03526162708592839 0.0324396817372752
7 0.4281080468901602 0.048245283986833386 0.0317672005160572 0.042022392496802265
14 0.39341702130660505 0.18628874840455945 0.07556052094714352 0.14256091907826698
7 0.39764897851921094 0.09330227535596053 0.0340467085365863 0.04134221273529809
7 0.5117836464061292 0.4493487032076927 0.04287464273124793 0.05320634069506205
7 0.6654201470383347 0.47089201372496425 0.04230058991838914 0.05316123933595433
7 0.652488601343888 0.5451692895270951 0.04577831325735417 0.055153017886469195
7 0.46274840945947554 0.7962364438190997 0.041743240336436525 0.053976723174781416
7 0.4517336978418901 0.7471117761232764 0.04589523587369732 0.06117711427201136
7 0.7589499634533725 0.6984107695004623 0.04512074428996482 0.0508049905376887
7 0.7687185587132069 0.7721974194147444 0.04571150033372951 0.05171067709473081
7 0.8744967108420817 0.5199697967710392 0.044056154818777817 0.05501771380914646
7 0.9172205414970136 0.4403352021025416 0.04702663826850846 0.06040673179229199
7 0.7889012057682265 0.25692082009257605 0.03934680969956467 0.0486328065507434
7 0.9406001316153186 0.17863624764943448 0.04228388668748324 0.05230065413801979
7 0.8534794555632756 0.10360075635268158 0.035261627085928525 0.044874756245251717
7 0.7889090743855189 0.13884024253910598 0.050030528180051693 0.06751692017130681
7 0.040549062495346726 0.2674500185663451 0.03583567989878719 0.044919857604359355
14 0.030964305944179968 0.4845393358665112 0.04646142006926363 0.178941982311728
7 0.022653309079987576 0.5450941795482411 0.025095708763531822 0.0526687837606606
7 0.07280738583659273 0.7001738371203501 0.03754113510645738 0.04419457648374769
14 0.039277131632315124 0.6166184427573628 0.05677325016300868 0.11960304563845855
7 0.042063016714456905 0.6564777997044449 0.03639302948073983 0.04410437376553227
7 0.1063459916563234 0.7841595240823047 0.041252703678108495 0.05823454780534669
7 0.26697873104740294 0.5737336817719851 0.03943032585409523 0.05293573254041638
6 0.919584048670234 0.5621080076102869 0.02373046113603437 0.041390973469295836
14 0.956090722948892 0.2998714962227785 0.08781855410221599 0.22331330485701606
14 0.9857195300795013 0.4865825312527032 0.02856093984099742 0.22840491020085865
6 0.9891961490917645 0.3643794331459906 0.021607701816471002 0.035321775724645954
14 0.8677301766698476 0.2602083710721142 0.13479701467064867 0.2709502221325019
6 0.8661605559628301 0.29782423261869956 0.02523547757283058 0.03033866997346883
6 0.8782103848984363 0.2817943124340305 0.025893046540220187 0.03468669732224942
6 0.7147025843067952 0.5958737400489161 0.038298923459283825 0.05370611502013575
6 0.724284855543798 0.7933573219827971 0.02249883935578598 0.03699784476140763
14 0.8038434884708613 0.8194278300280481 0.07147092102670063 0.07951269283350355
6 0.7995139003556825 0.7740874226921602 0.022482136124879818 0.03613725956347284
6 0.5036503452885549 0.8300845121927548 0.02312300186136326 0.039624701714318936
6 0.5005782966276051 0.7458599161929335 0.03524492385502223 0.04401417104731705
6 0.43717493295987564 0.8116050755469283 0.029521098957340564 0.044423742654175535
6 0.7208509957668017 0.5423839833870934 0.021200404651912932 0.029162375261781052
6 0.4639254010714985 0.4569873000838838 0.022365213508536794 0.030113163177930675
6 0.4363502285147246 0.5173318688998493 0.02358013205787889 0.033645706687884476
6 0.4718864929142831 0.33397237751323416 0.020002189333477135 0.026490416949762043
6 0.48601759975294784 0.3363097350068362 0.02302278247592627 0.03446119052671136
6 0.24179557182069417 0.5795907749634255 0.023663648212409714 0.03794863267755745
14 0.20659106021715526 0.46901714958371377 0.10265620011260665 0.2392097506518072
6 0.22851498393246106 0.5470201821443437 0.024828457069033444 0.038899420593707074
6 0.244234623362453 0.542337553977146 0.02072657122449114 0.034280785090280916
6 0.24055463242867142 0.33792601878812584 0.02415418487073767 0.03369080804699199
6 0.42813972769672975 0.13874203384728873 0.02312300186136326 0.039624701714318936
6 0.4348529775265205 0.1291646729596842 0.0211837014210069 0.02830179006384636
14 0.5549293719718217 0.16928978982609466 0.07548756506146942 0.16833337365719725
6 0.5394976217758806 0.12956207758144536 0.024271107487080824 0.03971490443253416
6 0.7057043399846471 0.028590239853141113 0.023479912672441903 0.028482195500276804
6 0.777710627227966 0.08024913766600206 0.022432026432161325 0.03355550396966915
6 0.8167400755403135 0.10648724333556853 0.02320651801589408 0.04392762770399191
14 0.7233914061823794 0.051680900459005315 0.09087006839231342 0.10336180091801063
6 0.11382258663412957 0.3547781007343841 0.017806197467478795 0.031473522700939074
6 0.04905397533890263 0.4094258552334445 0.02233180704672445 0.028391992782061677
14 0.6597117827144771 0.680350647328933 0.11415395960068835 0.240972363031894
14 0.5372877214992403 0.563701099885005 0.13070127178815633 0.23711679125840704
14 0.5839679060568267 0.3768803764019876 0.12262498298427132 0.26397899720570006
14 0.20417226638548816 0.6109893268759232 0.10153094067984483 0.210765337760858
14 0.3152809578268288 0.663023673061205 0.09606380720780508 0.19486889196606672
14 0.1423979507292692 0.8791524131809785 0.1141266961009258 0.21003639726535608
14 0.2956144555980175 0.2866267429876986 0.08905210787510695 0.21751837464190193
14 0.4358570002048324 0.3734337354083415 0.0900832908844815 0.211584480974575
14 0.7888735624390034 0.38879331149255336 0.11808881313616901 0.23698514655597439
14 0.07783485200194429 0.3963909216243279 0.1028900453452928 0.25125794342289154
8 0.18700558882871063 0.5114960447339272 0.020542835684523458 0.02481434791300056
8 0.3801136903941162 0.46357209851359454 0.018163108278557633 0.020331016486896943
8 0.4212067473822949 0.2702951563586228 0.02054283568452359 0.024814347913000367
8 0.2531771683513543 0.247727916824205 0.020509429222711196 0.023093177517131174
8 0.5561376645609535 0.08343605583606434 0.018770567553228746 0.02209728824187377
8 0.5892718383597512 0.04290932693959323 0.01703170588374597 0.021101398966616343
8 0.755953562329661 0.736569677043784 0.021757754233865553 0.02834689142295397
8 0.051973866097754305 0.29327123387927295 0.01644094983998125 0.020195712409574112
8 0.04081113722411692 0.5475461201270571 0.012996632962828554 0.019925104254928543
8 0.08769320954705916 0.7265850294765669 0.021624128386616464 0.021462209839477206
5 0.42270341220363816 0.2585419521091829 0.01169819825895567 0.012089634755301962
5 0.5870622147438715 0.03274015932125472 0.016898080036496916 0.014216717383139578
5 0.553328933285856 0.07202111177993153 0.01578338087259168 0.015847685060793548
5 0.6653555427681136 0.4971849636210771 0.019868563486227817 0.019605735366285085
5 0.7525123169335332 0.7221877861539876 0.021674238079334992 0.02404396543328099
5 0.8059526863639038 0.2616144263844437 0.009385283776614503 0.011048644120936922
8 0.8454950345293746 0.13654922166184305 0.018213217971275866 0.02291277208070078
5 0.8438511121109008 0.1259046600854296 0.011798417644392527 0.017253145942909484
5 0.3753625871976375 0.4557573500060768 0.021607425155710333 0.02060162464154261
5 0.24756498593558743 0.23998082035534865 0.012272251071814387 0.012134736114409475
5 0.04804208404329839 0.2832373703382573 0.01811299858583914 0.017749260893093158
8 0.7831878379707015 0.010150666322389913 0.021724347772053485 0.020301332644779825
5 0.7821346715959926 0.0018849042237960392 0.015159218367014402 0.0037698084475920783
13 0.5767799599719926 0.4360541395686005 0.04275772011490477 0.047182244309519776
13 0.6188831826005328 0.4577412617734022 0.04338188262048205 0.049809101262431175
13 0.8166747116111711 0.4585775130011421 0.04157620802737514 0.04537087119543546
13 0.40864978172615457 0.5712220487313056 0.03454780546377072 0.06715976867333591
13 0.45876996902278666 0.606069665755108 0.03152721232132158 0.05918899509638659
13 0.3296032889932929 0.719645550063348 0.04633566283930679 0.05433753404764211
13 0.22612959656260626 0.6907135298324223 0.04008789482148483 0.05728375988919687
13 0.23653550307973858 0.6640390480713398 0.028306180407998406 0.04089119914422212
13 0.3369134378288982 0.6815786749256866 0.03345595249282135 0.04043652617825593
13 0.3030784879909637 0.3601635057394439 0.028473212717059854 0.04949705112356798
13 0.30819571644159566 0.31278804818137856 0.02320651801589395 0.04392762770399191
13 0.37820289611060454 0.2762595138854972 0.03105952185594923 0.03509260955421791
13 0.24555973539922785 0.18109838633549025 0.03392978592024315 0.03531811634975592
13 0.2327011455904554 0.22951300484047557 0.029287253724654454 0.0323755498830913
13 0.353636790431102 0.07693651909564309 0.031666981130620345 0.036858881309194694
13 0.34312845587512936 0.06871219898126679 0.02928725372465439 0.03237554988309127
13 0.6492913816198421 0.735899834579932 0.03926329354503384 0.04432988056107023
13 0.6719519731502613 0.7629930363850981 0.03750772864464516 0.0424734060878783
13 0.4768410031939604 0.056052119314357496 0.02999493238476249 0.039305332825675644
