9 0.44905356611306185 0.6018924773646436 0.5482646403913317 0.796215045270713
14 0.8767631736127577 0.4116606792972191 0.24283791629803078 0.4574653804454565
9 0.8778347887820963 0.38475241896909573 0.24161244468156512 0.4824503381274998
14 0.5546891150723292 0.31615772778796225 0.23045109345484227 0.3918088319309057
9 0.5653209901131606 0.2717461232106566 0.23136885217705405 0.47071626743925166
14 0.43542176894196755 0.6871784401617435 0.5290900248155739 0.6256431196765131
8 0.5034069527157502 0.48552848826621203 0.10986676558966703 0.14793695393633471
5 0.533497241213604 0.4205436362059862 0.06838939319502536 0.057753326722036896
14 0.5173595685017758 0.35128739860741925 0.17341489632633464 0.1804934086362167
14 0.5728765233152725 0.10046845086005804 0.08265726708025034 0.11134090788713548
8 0.5663080662620052 0.16513638297607555 0.04866368284875209 0.05630587977524877
8 0.9302440727229081 0.22718605010381168 0.05575918847557544 0.05807056385489803
5 0.9330807396958543 0.2007189607956006 0.04438975378498389 0.03643774467142143
5 0.5698192412648716 0.14590367370392923 0.036735739366669455 0.03010304901487105
6 0.3251836647311154 0.7848140711479688 0.09509959633833301 0.13832012351728215
6 0.9070944163745377 0.521641486313321 0.05295526111871675 0.07769146556192891
