9 0.11399787910922587 0.7213485556829347 0.22799575821845175 0.45225125149325796
9 0.5304878048780488 0.5058775924719889 0.7248144220572641 0.988244815056022
3 0.6919406150583245 0.31551063045765293 0.5201484623541888 0.5308047844946986
8 0.6654294803817603 0.6791023602129178 0.24072110286320256 0.2684278581534061
5 0.7147401908801697 0.5499873479636667 0.16755037115588547 0.12875631890214045
6 0.7150053022269353 0.9058122907260232 0.1914103923647932 0.18837541854795353
14 0.4080063626723224 0.656993327959078 0.5116648992576882 0.686013344081844
14 0.1084305408271474 0.8634751119251709 0.2168610816542948 0.17599480983760293
7 0.13016967126193002 0.6006642884303124 0.20890774125132555 0.1985277427769211
8 0.13388123011664899 0.7860353316148937 0.16171792152704137 0.1617879007221843
5 0.15933191940615057 0.7125764430243618 0.12937433722163308 0.11016280465418049
