9 0.07813435343167775 0.5716488916227201 0.1562687068633555 0.7512977832454403
9 0.3267398817129374 0.7210909543096179 0.3693749916815267 0.5578180913807642
9 0.5290383955401613 0.5919788128849784 0.3534053928831433 0.8049769462841959
14 0.5502976567061958 0.26592328670864074 0.12597699195415973 0.13144540712405342
14 0.36350590061984767 0.5409413780894049 0.13427548938745879 0.17088746981095138
14 0.11925880097517422 0.260478159707609 0.13677765234670508 0.13581781125774242
14 0.4984658486989488 0.6421733217240185 0.3021904129274755 0.7105011276825959
6 0.4481942869499715 0.8514743950859205 0.053039881036630744 0.0857502994283379
2 0.6532263555268765 0.5126149099056897 0.06151506047962433 0.06926684294197348
2 0.6416449909791041 0.45454009463523637 0.06746014104690962 0.08705304500881794
14 0.27498731946129706 0.7874068289358224 0.32069237722929783 0.4251863421283553
14 0.05970905754252108 0.6158623551121601 0.11941811508504216 0.6525247102243202
13 0.5303533107880841 0.9440536281554318 0.11652858869045062 0.08956610402378683
13 0.30253638437157115 0.9725400403145428 0.11257829133063196 0.05267300299036433
13 0.18587791899342868 0.9356249746372803 0.11139591632829896 0.07979852216362705
