9 0.138 0.8102325581395349 0.25565 0.3795348837209303
9 0.544 0.5326331582895724 0.595 0.9347336834208552
3 0.6693049999999999 0.25321080270067514 0.458115 0.3631282820705176
8 0.6805800000000001 0.5989722430607651 0.20964499999999997 0.19043510877719422
5 0.71345 0.46495123780945236 0.1519000000000001 0.07534883720930237
6 0.755815 0.8649662415603901 0.156125 0.2700675168792198
14 0.44472 0.6961740435108777 0.42643499999999995 0.6076519129782446
14 0.141535 0.9437359339834959 0.283065 0.11252813203300825
7 0.17815999999999999 0.6794073518379595 0.18581999999999999 0.13150787696924227
8 0.19966 0.8509677419354839 0.14282 0.1092798199549888
5 0.21591 0.7754163540885222 0.11631999999999999 0.06845461365341335
