9 0.13955001854503135 0.7007042253521126 0.24794378316712057 0.5985915492957746
9 0.4313054400653177 0.7450093317469524 0.3922744416906774 0.5099813365060952
9 0.5778690254972305 0.5701287592162818 0.3962108577302466 0.8147249964395556
14 0.5093503784172313 0.2607438808557876 0.13001424369638012 0.1425444135507387
14 0.4146805295645972 0.5994659478040341 0.14091735546567055 0.18191389020856943
14 0.11868380850569103 0.4545276076651598 0.14068470612586909 0.1490773566638563
14 0.5637990885727904 0.630340156285735 0.34036847460650416 0.7178975265703681
6 0.5747720018876915 0.8459796518449221 0.05658146879908134 0.08903005995514736
2 0.6689158186222762 0.44001957258033203 0.06385551435984266 0.07515042456698079
2 0.6425739397213722 0.39203804828328487 0.0707800993881742 0.09252871938633804
14 0.40010085541703216 0.8207999103702499 0.334767031216654 0.35840017925950013
14 0.1284135276518478 0.7496087636932708 0.2180791215749684 0.5007824726134585
13 0.6740002980012416 0.8931346574330102 0.11748626918728788 0.1015690173351733
13 0.47508184647198337 0.9952247897466289 0.10972684264168386 0.009550420506742176
