9 0.15705160714747338 0.5508100539590782 0.31410321429494675 0.8983798920818437
9 0.5544140771055677 0.4892756451907229 0.4146712322019278 0.9747274134326733
9 0.3946683800842146 0.4921627710780149 0.34655195671026456 0.9843255421560299
14 0.2747094534321017 0.445555317043544 0.16523568764244687 0.37176905433517815
9 0.27002870151857117 0.4384438853286179 0.15262695801431828 0.4655238653324038
9 0.7324905600731674 0.3412214735422378 0.2891352355067936 0.6824429470844756
14 0.8722732812341986 0.20886368585795442 0.12686146872622234 0.2609230466856246
9 0.8682000713927741 0.207879832136153 0.12837895265659233 0.35143190942640445
9 0.929892925155994 0.14287074134888897 0.07484302070097468 0.21417781378947484
5 0.4898443976110716 0.1504652575632396 0.06625738327612282 0.06241135475703135
7 0.4861536655612308 0.09931819724663671 0.09898221376886403 0.08989349553028983
5 0.059079250589054784 0.2294139270991431 0.05317367061502046 0.04845980765325748
7 0.05434951835006865 0.18449513722434135 0.07489278882494979 0.07444694220634449
8 0.6984872535834655 0.01724092551770709 0.05155355842273788 0.03448185103541418
5 0.36327053803948395 0.11299770889049648 0.05747815835494966 0.04625715116274288
14 0.36080810516833955 0.06588535434497182 0.08566605630650667 0.0849693397959028
14 0.1360321571468096 0.5239873012275967 0.2720643142936192 0.5699884431685017
13 0.13413654311174322 0.9658246145193642 0.0966189084513811 0.05358254515538983
13 0.39471351018724704 0.8828992389888409 0.07586375914040355 0.14930506359621837
13 0.4395953957400911 0.9228966762588635 0.08294824927338958 0.10124241947845102
13 0.22638564685923496 0.7629118143041534 0.08247635825437763 0.1661487338212664
13 0.7678181716912068 0.5966429129384258 0.06359010257544258 0.12718341250161147
13 0.6328977418082938 0.8609356710941359 0.08300110941132675 0.13412422033913587
13 0.2934270352667613 0.6309965391457162 0.040490318390987344 0.061657562956761794
14 0.5481384761659727 0.4415745164631149 0.33466471692948574 0.5185763552160044
14 0.37766382437751705 0.45364363135911945 0.2907716843375811 0.6104180096883773
14 0.7215104900608045 0.21084664535149666 0.2341774464662159 0.42169329070299333
14 0.9310901266547204 0.13211199314761496 0.07118534103237355 0.1407993181097971
6 0.12425801816263783 0.4880455564978435 0.07829626123432834 0.10917757442237234
6 0.040875189168188594 0.4841031337866183 0.050568585274279924 0.08364495745313306
6 0.4408877857998806 0.48594366586174037 0.06899461896170646 0.10943070710886726
6 0.3610915145863785 0.5126055689665798 0.07956420551647762 0.12980421929680752
6 0.5824017948385899 0.46413810776120207 0.08820194487080522 0.12622262954477328
6 0.76379233698814 0.13946602746157313 0.03531824680597846 0.07038287698011914
6 0.6904722260369984 0.10613948326780036 0.05348540562318119 0.08875511757489768
6 0.8599137121500603 0.13934158181696518 0.03633198382890536 0.05236165839090436
8 0.06684202557756974 0.2737362525368737 0.06885313339486075 0.0896949137625447
8 0.36826031205144405 0.1583115783050163 0.07156860662247705 0.08903901128134377
8 0.49801336755040754 0.20668122359706034 0.08066656796831327 0.09863699319323059
5 0.8648140729345921 0.06958593029386811 0.021026451417165744 0.02183495425855287
