9 0.36498257839721254 0.56640625 0.17247386759581881 0.1162109375
14 0.735191637630662 0.69189453125 0.11933797909407666 0.13671875
9 0.7317073170731707 0.68408203125 0.1132404181184669 0.1640625
14 0.5975609756097561 0.6474609375 0.06097560975609756 0.0732421875
9 0.6036585365853658 0.64501953125 0.06358885017421603 0.08544921875
14 0.9277003484320557 0.65625 0.08013937282229965 0.06884765625
9 0.926829268292683 0.64794921875 0.07752613240418119 0.08447265625
14 0.8066202090592335 0.65380859375 0.0740418118466899 0.0791015625
9 0.8092334494773519 0.64697265625 0.07752613240418119 0.095703125
14 0.8484320557491289 0.63623046875 0.039198606271777 0.0615234375
9 0.8493031358885017 0.634765625 0.047038327526132406 0.07861328125
9 0.8858885017421603 0.63671875 0.033101045296167246 0.07470703125
9 0.759581881533101 0.6123046875 0.02003484320557491 0.0341796875
14 0.7465156794425087 0.60888671875 0.037456445993031356 0.01708984375
9 0.7831010452961672 0.6064453125 0.02264808362369338 0.02197265625
9 0.8196864111498258 0.6044921875 0.02700348432055749 0.03173828125
9 0.6533101045296167 0.615234375 0.014808362369337979 0.013671875
9 0.7961672473867596 0.5927734375 0.017421602787456445 0.0146484375
14 0.3867595818815331 0.51953125 0.05313588850174216 0.02099609375
14 0.36498257839721254 0.580078125 0.1759581881533101 0.08349609375
14 0.5984320557491289 0.6044921875 0.03484320557491289 0.009765625
14 0.926829268292683 0.60986328125 0.037456445993031356 0.01025390625
14 0.8493031358885017 0.5986328125 0.02003484320557491 0.0078125
7 0.7552264808362369 0.59765625 0.018292682926829267 0.00732421875
