9 0.654764224943802 0.5821066196869643 0.5505665469615519 0.8291459433638303
9 0.48164406858622516 0.5408048438093999 0.5269936451846386 0.867084686975309
7 0.3848898088150456 0.1525189330618577 0.1702370875383332 0.07634946750972511
7 0.5659790540887107 0.22449201619431572 0.2089165933468852 0.10576782362582153
14 0.6704561129891095 0.5123031371497614 0.3588121356945542 0.46523999483696454
14 0.4729522322518456 0.5798767778468962 0.4596238701366938 0.71501840142948
13 0.640443854492794 0.9462132300927694 0.2708606677280441 0.10757353981446123
13 0.7794960214487396 0.9348839102530977 0.2351135839295672 0.13023217949380453
13 0.4999508219557138 0.9303293477608683 0.1307340338710923 0.09759452566444624
6 0.4838556971195075 0.3630496955193343 0.0980848912544751 0.08978844938671955
8 0.4722961224771309 0.2108328068614729 0.07918760833134555 0.06307396432491298
