9 0.476 0.6399099774943736 0.425 0.7201800450112528
14 0.856675 0.2290097524381095 0.21281500000000006 0.37409602400600156
9 0.85424 0.2019429857464366 0.208135 0.4038859714928732
14 0.51689 0.27945986496624153 0.17342499999999997 0.32363090772693176
9 0.51877 0.23264066016504126 0.15832999999999997 0.41040510127531876
14 0.479125 0.7281170292573144 0.439 0.5437584396099026
8 0.4990400000000001 0.4617029257314329 0.09091500000000002 0.11124531132783193
5 0.51559 0.3872393098274569 0.06354999999999995 0.03150787696924231
14 0.487765 0.32819954988747185 0.15444499999999994 0.1163915978994749
14 0.495045 0.06665416354088521 0.06858000000000004 0.08380345086271566
8 0.500375 0.13099024756189048 0.04234500000000003 0.038724681170292576
8 0.85714 0.0381470367591898 0.04976999999999998 0.03754688672168042
5 0.85509 0.011867966991747938 0.04157500000000004 0.01880720180045011
5 0.5002099999999999 0.11135033758439611 0.03469500000000005 0.01580645161290322
6 0.38405 0.8203900975243811 0.07665999999999996 0.10709677419354846
6 0.888565 0.3275243810952738 0.0422349999999999 0.06072018004501121
