9 0.078615 0.37885971492873216 0.131635 0.5444111027756939
9 0.2507 0.47569392348087025 0.199695 0.6962790697674419
9 0.421745 0.4335408852213053 0.108635 0.642370592648162
9 0.55088 0.49254313578394593 0.23265499999999997 0.7869842460615155
9 0.71436 0.4274118529632408 0.21258999999999992 0.80873968492123
9 0.882185 0.4871792948237059 0.18094000000000005 0.6546436609152289
14 0.240255 0.40585146286571644 0.18006500000000003 0.3524831207801951
14 0.07664 0.3363765941485371 0.13040000000000002 0.30920480120030014
14 0.42262 0.381237809452363 0.10971000000000003 0.3229632408102025
14 0.5315850000000001 0.41849962490622655 0.17871499999999998 0.3946736684171044
14 0.7082050000000001 0.36616654163540885 0.1520150000000001 0.45883720930232547
14 0.8765850000000001 0.4331357839459865 0.15121000000000004 0.32264816204051006
7 0.517265 0.12711927981995497 0.07582500000000005 0.07078019504876219
7 0.22869 0.14161290322580647 0.06504999999999998 0.04630157539384844
5 0.068435 0.14873218304576144 0.03162 0.020457614403600888
7 0.06471500000000001 0.12037509377344337 0.03903999999999999 0.034778694673668425
7 0.42717 0.13682670667666916 0.049039999999999966 0.04236309077269319
7 0.85757 0.1875993998499625 0.04941000000000008 0.0510577644411103
14 0.70353 0.047374343585896476 0.06952500000000009 0.05479369842460616
13 0.5488350000000001 0.7856339084771192 0.05645499999999993 0.13285821455363833
13 0.472425 0.8537134283570893 0.06679499999999997 0.08893473368342099
13 0.198815 0.8087246811702925 0.06906 0.06367591897974502
13 0.23257 0.682423105776444 0.03155000000000001 0.07555888972243063
13 0.42392 0.6841035258814704 0.03729499999999996 0.11269317329332335
13 0.857105 0.788192048012003 0.048480000000000016 0.07043510877719429
13 0.690785 0.8075993998499624 0.057164999999999966 0.08111027756939226
13 0.7537849999999999 0.719542385596399 0.0481400000000001 0.12447861965491377
13 0.06537000000000001 0.6209527381845461 0.036590000000000004 0.06518379594898732
13 0.103245 0.627006751687922 0.029829999999999985 0.05758439609902475
6 0.20546 0.4248912228057014 0.04784499999999997 0.059107276819204774
6 0.37394 0.43656414103525887 0.027350000000000024 0.04250562640660171
6 0.327245 0.4566766691672918 0.05024000000000001 0.07427606901725431
6 0.65365 0.48761440360090025 0.04102999999999997 0.09114028507126783
6 0.95985 0.5002775693923481 0.03154999999999995 0.05456114028507128
6 0.823065 0.4012603150787697 0.021660000000000082 0.061372843210802656
6 0.71384 0.23909227306826705 0.052634999999999994 0.07524381095273815
6 0.08358 0.28171042760690174 0.029879999999999997 0.03949737434358588
6 0.02367 0.3573818454613653 0.028215000000000004 0.050142535633908504
8 0.502875 0.20760690172543136 0.044545000000000015 0.059437359339834975
8 0.43127499999999996 0.20248312078019506 0.03932000000000005 0.041860465116279055
8 0.22521000000000002 0.21832708177044258 0.046005 0.04972243060765189
8 0.06809 0.17546886721680421 0.03214500000000001 0.03729182295573892
8 0.6975650000000001 0.12399849962490622 0.046849999999999906 0.06259564891222806
8 0.8542000000000001 0.25651162790697674 0.04020499999999993 0.05098274568642163
5 0.22822499999999998 0.1794073518379595 0.045935000000000004 0.025018754688672186
5 0.42887000000000003 0.1723555888972243 0.03426999999999998 0.02154538634658667
5 0.5005350000000001 0.16695423855963992 0.03741999999999996 0.022100525131282807
5 0.853855 0.22006001500375091 0.03463000000000011 0.02387846961740438
5 0.69649 0.08205551387846961 0.044694999999999936 0.024508627156789208
