9 0.18295596325244282 0.7779715529260384 0.3363105159281492 0.4431408732466315
9 0.2630000509229605 0.7460284369084075 0.4458400468245383 0.5049036022834433
9 0.44527973070758836 0.7286426755900809 0.2804758582814396 0.5177322606027831
9 0.5446461169691433 0.689189633412621 0.37550566121104617 0.5923080643334134
9 0.6368358035674092 0.66792754941598 0.345540788665782 0.5472514988209108
9 0.8691896574225713 0.5485929374582377 0.2616206851548574 0.5806764180485792
9 0.877466043632895 0.5339381594950295 0.24506791273420991 0.5656781322473865
7 0.239866542450102 0.6324647061363343 0.08387010662318593 0.1367087814209899
7 0.38051845906756687 0.5971184875857477 0.09598351325008919 0.1434696098651166
7 0.49252743301308755 0.5289592565996416 0.09043860776370173 0.1414516958741404
7 0.6948369371800385 0.4584047582836404 0.09245653334391749 0.1424294248843571
14 0.8551601193795331 0.6226564405112489 0.20051903917456587 0.44109765342909996
7 0.8335000177385024 0.38824768410178767 0.0980775297232115 0.15607524585207727
14 0.9406301113491854 0.5550388685339879 0.11873977730162918 0.43256649129131414
7 0.9319626216240705 0.32601728314752393 0.09151488172830377 0.1522267857817533
3 0.11281385040988957 0.7084041318904789 0.10617849777211574 0.16445843380707648
14 0.6380029774957647 0.7309553554199751 0.17763739216968588 0.4025937297922483
3 0.6092188545019186 0.5227876466367711 0.10769340524367982 0.16541534416044537
14 0.1364798189262673 0.864891263709799 0.20491672812174777 0.2678025083860865
14 0.26530203027199994 0.82869260202089 0.2068296494946687 0.3295823167716561
14 0.41432398342951965 0.8037363282262368 0.1995302099804341 0.3668371209976548
14 0.5295617792688467 0.7676525430807983 0.17578335466649944 0.4266607235011729
14 0.7440723110399975 0.6778044456326763 0.1827436641491113 0.4144298233374679
