9 0.8772054480932507 0.7500300258462324 0.19435552193480318 0.49993994830753535
9 0.7749173763390876 0.7522842491910878 0.1497444820885564 0.48802004338738975
7 0.8948347757771772 0.6126714764958199 0.11686228970400671 0.21017780030082903
7 0.7835458896056916 0.5673642068325472 0.07273011383625642 0.10439774741944077
14 0.8808733853845131 0.7993839562065859 0.17393713231368066 0.4012320875868283
6 0.924537781363707 0.8078848091267467 0.027246938256108046 0.04857294590687352
6 0.8265982097718977 0.7921836859247534 0.030989862710600075 0.05216521796509402
13 0.9038032959848343 0.9695101573778128 0.04610092979516297 0.060979685244374415
13 0.867629572414477 0.9981646748598222 0.03465321601704774 0.0036706502803557075
13 0.7575419511439695 0.9476170492289492 0.04788522635202682 0.08668478515283906
13 0.7835554334474163 0.985238568504778 0.027466357700825974 0.029522862990444012
14 0.7744638274350526 0.7535878584419023 0.12119765329905159 0.30723268651234176
