9 0.8500599999999999 0.6645988258317026 0.1274849999999999 0.49637964774951077
9 0.750555 0.6696607958251793 0.08864499999999999 0.4577495107632094
7 0.8615750000000001 0.5093020221787345 0.09057500000000004 0.1861121983039791
7 0.7525700000000001 0.48707110241356816 0.05972000000000003 0.08964122635355516
14 0.854865 0.6992889758643184 0.12255999999999995 0.3753816046966732
6 0.8971699999999999 0.6943574690150033 0.021119999999999892 0.04332028701891706
6 0.802005 0.6983953033268102 0.024585000000000037 0.04562948467058044
13 0.883385 0.8718656229615134 0.03452500000000009 0.08337247227658183
13 0.849395 0.9050228310502284 0.03076999999999998 0.023992172211350422
13 0.7407699999999999 0.8642074363992172 0.03723000000000002 0.07673189823874763
13 0.767295 0.8965035877364644 0.02378500000000008 0.024827136333985613
14 0.75029 0.6710632746249184 0.08284500000000003 0.2828114807566863
