9 0.676923076923077 0.58447265625 0.2600732600732601 0.7392578125
9 0.526007326007326 0.53076171875 0.22271062271062272 0.78076171875
7 0.5186813186813187 0.16455078125 0.14358974358974358 0.048828125
7 0.6703296703296703 0.2470703125 0.17142857142857143 0.072265625
14 0.7062271062271063 0.521484375 0.1956043956043956 0.40673828125
14 0.5098901098901099 0.56591796875 0.2087912087912088 0.64013671875
13 0.5846153846153846 0.939453125 0.22417582417582418 0.1083984375
13 0.7172161172161172 0.923828125 0.18681318681318682 0.09912109375
13 0.4608058608058608 0.89111328125 0.09597069597069598 0.07666015625
6 0.5655677655677656 0.3671875 0.06666666666666667 0.07373046875
8 0.5868131868131868 0.22607421875 0.05714285714285714 0.05029296875
