9 0.06886679197337017 0.7566371681415929 0.05388913591868879 0.20353982300884957
9 0.11321976611344906 0.8207964601769911 0.11886118150079203 0.3584070796460177
9 0.19132178000687755 0.8353982300884956 0.17374205937431242 0.3292035398230089
9 0.31070028645720765 0.8424778761061947 0.11658882005855785 0.31504424778761064
9 0.3938428942125204 0.827433628318584 0.11657718945359283 0.34513274336283184
9 0.48394631823644707 0.8398230088495575 0.09203071876422998 0.32035398230088497
9 0.5450982725637792 0.8278761061946903 0.18317020633598086 0.34424778761061947
9 0.5978380650219367 0.8194690265486726 0.08879042678381076 0.3584070796460177
9 0.6491893797934074 0.8588495575221239 0.0583366492811056 0.27256637168141595
9 0.6938720570691358 0.8327433628318585 0.08734807924033253 0.32123893805309733
14 0.7446139458471253 0.8336283185840708 0.09768655392207795 0.3141592920353982
9 0.7435807899505422 0.8146017699115045 0.09149814873411183 0.35221238938053095
9 0.8312971971027358 0.8110619469026549 0.11386946750329204 0.3513274336283186
9 0.8957057889045008 0.8982300884955752 0.0625733981054051 0.16902654867256636
9 0.9479681000884663 0.8207964601769911 0.10406379982306727 0.31946902654867254
7 0.21107787145876003 0.6911504424778762 0.039630452808879384 0.033628318584070796
7 0.33047354871317924 0.6986725663716814 0.035852325702576404 0.02743362831858407
7 0.3827698079162632 0.6712389380530973 0.03703157098559527 0.02743362831858407
7 0.47689175030373937 0.6960176991150443 0.03300723731956328 0.03008849557522124
7 0.5355507552835628 0.6730088495575222 0.03588666731075442 0.02831858407079646
7 0.5775943938253465 0.6548672566371682 0.03394609134533578 0.023893805309734513
7 0.06992348418324142 0.6699115044247788 0.031101002962322818 0.02654867256637168
7 0.10511487148006939 0.6575221238938053 0.03706591259377329 0.02831858407079646
14 0.10319618120778869 0.8207964601769911 0.09133280620242068 0.2415929203539823
8 0.11482910680876884 0.6951327433628318 0.02291496919754687 0.02831858407079646
8 0.07684995884367744 0.6964601769911505 0.015358714984940854 0.01592920353982301
7 0.6377897731161003 0.7398230088495575 0.027042327688112912 0.02831858407079646
7 0.6814422021464871 0.6871681415929204 0.03324762857680965 0.036283185840707964
7 0.7222952399036455 0.6535398230088496 0.03286987088685122 0.02654867256637168
7 0.8227915586728259 0.6526548672566371 0.03245195628623213 0.030973451327433628
7 0.8902076737380535 0.8553097345132743 0.02759760872144406 0.02743362831858407
7 0.9582214275741404 0.6783185840707965 0.03817065935795375 0.0415929203539823
14 0.21881636390378764 0.8601769911504424 0.07616269495910068 0.2761061946902655
14 0.3160470471414531 0.8283185840707965 0.09931279031812833 0.2345132743362832
14 0.060892623160145015 0.7486725663716814 0.0374145937713195 0.11327433628318584
14 0.4053291802203477 0.8119469026548672 0.09456146757787484 0.2336283185840708
14 0.48661679092732857 0.8402654867256637 0.0843719899338065 0.21415929203539824
14 0.5524397541735931 0.8575221238938053 0.12957214877673043 0.2849557522123894
14 0.5982644274729211 0.8380530973451328 0.08793770188184195 0.32123893805309733
14 0.6459321921122577 0.8508849557522123 0.059522260073323625 0.1663716814159292
14 0.6964822943940265 0.8544247787610619 0.08330684987356991 0.2778761061946903
14 0.8324706270832721 0.8261061946902655 0.11093298490070988 0.32123893805309733
14 0.8956426458872687 0.9269911504424779 0.05503458980024656 0.11150442477876106
6 0.12280272541527718 0.7942477876106194 0.02891422043717539 0.030973451327433628
6 0.15058921298170075 0.8265486725663717 0.02728271894535928 0.034513274336283185
6 0.26843633511350773 0.8473451327433629 0.02426592252145595 0.03274336283185841
6 0.35278962210877607 0.8407079646017699 0.02086555310511154 0.036283185840707964
6 0.5167559537573074 0.8876106194690265 0.017012927479970023 0.04336283185840708
6 0.45472538077019364 0.8845132743362832 0.015141034730907542 0.04070796460176991
6 0.6167548694146229 0.7827433628318584 0.01930855013213424 0.02654867256637168
6 0.7939219349320015 0.820353982300885 0.017677048640317997 0.03008849557522124
6 0.8717148743518275 0.8269911504424778 0.020207247247246075 0.034513274336283185
6 0.9119838296666006 0.8238938053097346 0.018129304849115103 0.02654867256637168
