9 0.0986107196464959 0.5674243107207405 0.18727132284033854 0.6219036376227108
9 0.2656040783698312 0.596989441852208 0.3533268237380138 0.8060211162955839
9 0.43407963040651476 0.4917037731642163 0.2463283041718499 0.7204879716699528
9 0.5798597931725697 0.5032028569268528 0.40668610033574815 0.9276578493634667
9 0.7360809057499734 0.4276410498811438 0.3880194166779404 0.8268964359227106
9 0.8794498381877023 0.38386770498823525 0.24110032362459546 0.7279954806010625
14 0.24082298323928353 0.5339498707579393 0.2615512807154629 0.44917995586677517
14 0.0818438436815557 0.522913854073991 0.15069289805270622 0.3759247955266228
14 0.42412059620689246 0.43685910603532024 0.1816412590921348 0.38724756146586914
14 0.5445373574042887 0.43313839973390966 0.2688712588842223 0.4930387429049133
14 0.7162598884237471 0.30905910035835493 0.2542966083557535 0.547645379731031
14 0.8954311939489519 0.31306571616783885 0.20913761210209622 0.403580040766127
7 0.4697219817884452 0.13359612763778358 0.09427325440723144 0.10759289328699448
7 0.17435429071189215 0.2617159307341912 0.07805071392997948 0.07724807380243276
5 0.017499638668776043 0.33240924662704563 0.022789197526567523 0.03536865506638904
7 0.01479284471605325 0.304035605640223 0.018819475100055844 0.05305503005067245
7 0.37842277638401783 0.17932038645434897 0.06004733670932108 0.0662642411627635
7 0.8338797440498397 0.06388296746086736 0.06237747010232212 0.07522040642143091
13 0.6381115065890525 0.8103979550644232 0.0867418584939068 0.164001241961063
13 0.5732300994155954 0.9118021394891004 0.08863832643340812 0.1228097171428116
13 0.2809953775342622 0.961221327490146 0.08521952206503086 0.07755734501970797
13 0.28989252486057027 0.8263488454559341 0.048714704001720975 0.09346164291970467
13 0.4879386889710687 0.7530951027564523 0.06244439731991193 0.1342536506529386
13 0.9573999982798785 0.6926082675479847 0.06546669648094271 0.09551755474233799
13 0.7895088279101241 0.7779726543441623 0.07653667841637594 0.11036310595476855
13 0.8363005398179864 0.6611347990921136 0.07625833345422067 0.15159699743546728
13 0.1044654632164435 0.8275587626603783 0.05177831386654108 0.08464669986919443
13 0.1447302073702395 0.818909191357479 0.04294430018417823 0.07390294498339231
6 0.2088578396039744 0.5674805896671973 0.06253441200220612 0.0833110213081622
6 0.3854516982700083 0.5138814342415078 0.03776035326238273 0.05678555373391496
6 0.3411986515666241 0.5531553032370529 0.06825773324978371 0.10044253477845534
6 0.6849130438844404 0.45783871474108806 0.06205204257020157 0.11402711343611012
6 0.8422537619969191 0.3010368391878071 0.035393059623229056 0.07370523389197227
6 0.6961171402027585 0.17389139031776668 0.07098599325867103 0.10213126885988012
6 0.053229312672485915 0.4651547858609336 0.039331393669763764 0.054400735930342684
6 0.018236098009969857 0.5649155690748633 0.01569308847528217 0.058633727146490316
8 0.4714718839721531 0.22380648362483863 0.05928247185752514 0.08241722649459488
8 0.39643030406231256 0.24610121737083343 0.04970505937953077 0.061141550035226255
8 0.1864572032534726 0.34370652439608457 0.05855476725188207 0.07269436640970152
8 0.021269487083074606 0.36000207056682665 0.029606961615697702 0.05333747446698668
8 0.6553625364059553 0.06001757385954048 0.06205781443637748 0.08653314504203913
8 0.8447391189449777 0.1373501710500614 0.052590261288302326 0.07092089900338244
5 0.18159579793070946 0.3015294103289635 0.053198184240214025 0.04667729878481963
5 0.38748146988812454 0.21554251712294714 0.04061993865735347 0.03745281133065381
5 0.46068520816078123 0.18187855587308133 0.04390326718201118 0.03996472912156752
5 0.836719938617464 0.09913363110141175 0.04122208974308926 0.04070317950616208
5 0.6455732523631175 0.02781956730308442 0.05166430407898578 0.023186271171667203
