9 0.535745 0.5803810208483106 0.18447000000000002 0.5323148813803019
9 0.6493099999999999 0.5513012221423437 0.38161000000000006 0.69941049604601
14 0.6182150000000001 0.27628324946081956 0.17843000000000006 0.15644859813084114
6 0.49012 0.6464198418404026 0.08474000000000001 0.09155283968368073
6 0.45377 0.6400718907260964 0.03724000000000001 0.04922358015815962
14 0.69594 0.6204888569374551 0.28554500000000005 0.6089575844716032
14 0.57147 0.6476563623292595 0.11996000000000004 0.3994608195542774
6 0.501915 0.7533860531991373 0.040574999999999986 0.12949676491732573
8 0.61554 0.4203019410496046 0.07288000000000011 0.07668583752695908
8 0.55601 0.4482386772106398 0.040730000000000016 0.04510424155283969
5 0.59335 0.36966211358734724 0.03554999999999996 0.02809489575844715
5 0.548205 0.41447879223580153 0.0309849999999999 0.02081955427749823
7 0.54867 0.35075485262401146 0.05728500000000008 0.06457225017972677
