9 0.2556107006993637 0.6709707591324869 0.3216901494634246 0.6360657861783604
9 0.47616012839225835 0.5703135292963083 0.21929940950907276 0.43723214656870696
9 0.7267063258698973 0.5308606178215706 0.4175907921555662 0.6771596417060862
7 0.5856930064330756 0.3297673480529189 0.12767622856966146 0.12285656369640492
7 0.4412140543663475 0.4373382393035434 0.11927157971184624 0.12611104859278913
7 0.30032262664138354 0.42930913055416786 0.12477586022348491 0.13217699553254897
14 0.6627586939480009 0.5444286837517011 0.24373930503366958 0.2997482600434101
8 0.5955609483968609 0.4657325886625553 0.09432926216104044 0.11036769266989359
5 0.580953958673207 0.4139537268288228 0.09471187853692543 0.07130747675182174
14 0.4758483192001474 0.6146203399083563 0.19844034559494053 0.24472749513737926
8 0.4486533439873716 0.5487830480770356 0.07663786547567569 0.0713232571566381
5 0.43890512866541964 0.5117382393035433 0.06976956098611962 0.05556412082892639
14 0.26510917472439105 0.7503223785180272 0.30230756659663494 0.47400772944100883
8 0.33234424002113333 0.5366105834047648 0.06774982189349774 0.07613114735904637
5 0.3424495492070513 0.4850650683011489 0.03972019745286696 0.046554817966271006
6 0.7751283237151381 0.6407176351589119 0.0820209496293015 0.14200282532049405
6 0.5440866008161466 0.7111766509155741 0.06451502177140556 0.09180498450121449
6 0.5044489287722465 0.7122479556167851 0.04707189666678576 0.06076054898795883
6 0.27832661795820846 0.6841438899445315 0.07873502547488055 0.12176985185061422
