9 0.5622708714621582 0.6201027607695886 0.21735236916022554 0.5663436410914358
9 0.6807524872941547 0.5923806816639022 0.43231582096428994 0.748344624082117
14 0.6363020189095193 0.3013471353622714 0.19498789773652772 0.17013008966568566
6 0.5168221732150607 0.6883143401012033 0.09303634370711396 0.09859628677759384
6 0.4783226644473947 0.6809050136920259 0.04111843301052683 0.052573349624194236
14 0.7330158645500189 0.6664565910499329 0.32717939464508233 0.6502024598437118
14 0.6028540755014216 0.6919904975999129 0.143662084553434 0.4250297538564281
6 0.5340575433379656 0.8016822623760721 0.04825095260790987 0.1376432930646325
8 0.6395449901616274 0.45301936384701713 0.08029116050595358 0.08311717714682842
8 0.5779793210325816 0.48103366375107026 0.04465682075454065 0.048872428117743276
5 0.6139088311918838 0.3989398870721265 0.03864530133508932 0.030530583922536842
5 0.568360418990868 0.4451682969025215 0.03359127513535301 0.022824138107397227
7 0.5661692069544262 0.378034347786382 0.06341872524910261 0.06980829473956371
