9 0.484385 0.4534933333333333 0.6750900000000002 0.9062488888888889
9 0.6426499999999999 0.5958577777777778 0.52828 0.6754133333333333
14 0.41211000000000003 0.4321244444444444 0.4406900000000001 0.7824888888888889
6 0.414875 0.5464088888888889 0.155255 0.19502222222222226
8 0.634835 0.6443822222222222 0.17917499999999995 0.17675555555555547
5 0.6484650000000001 0.5244266666666667 0.13392499999999996 0.0790755555555556
7 0.61021 0.34557333333333334 0.22642499999999996 0.19514666666666663
6 0.7951900000000001 0.6728088888888889 0.132375 0.23360888888888884
6 0.52311 0.3011288888888889 0.12072000000000002 0.2769244444444444
8 0.378135 0.29403555555555555 0.10877499999999998 0.19516444444444447
7 0.20690999999999998 0.18870222222222222 0.13732999999999998 0.37740444444444443
14 0.6467999999999999 0.7818222222222222 0.5670999999999999 0.2728888888888889
