3 0.2399983150683046 0.07367539513566339 0.20531851854862634 0.13774036101483894
4 0.2478212445558423 0.09006721256870999 0.09222049451929244 0.11121793822881733
3 0.8833405747605505 0.21223501911541331 0.1480227423180666 0.22438529777362018
12 0.859385006042927 0.5895035367153058 0.281229987914146 0.6419435752511831
4 0.8571351992721654 0.27095514961853157 0.08669958771543781 0.1029657184033693
3 0.5304767728582687 0.2071421804073842 0.12918921921020002 0.19310194391548402
12 0.542572712425686 0.38889411922487527 0.14287647536277667 0.23548791665784966
4 0.5525234391850782 0.26593874095243797 0.047323698576248456 0.06290457436982083
3 0.9735547337050332 0.27836674850021625 0.052890532589933655 0.190661795862079
4 0.9830906343072593 0.32544126796286865 0.0338187313854814 0.08683533758193547
2 0.32055027358352794 0.5237712698289252 0.09559547857636609 0.11939507657569912
2 0.33371827175309565 0.4839367187944449 0.08240774222187558 0.10281555544623669
2 0.7919705663442377 0.560412944696811 0.08780376907620878 0.10461616236845891
2 0.7353451170711159 0.4601112702191765 0.08326216368360329 0.09156277360487461
2 0.6082418961141727 0.40247442690179286 0.05716767086104592 0.07291986037820791
2 0.9607466681615803 0.843557262276202 0.07850666367683949 0.20101494852401447
12 0.13771550118503656 0.4674081145204303 0.2754310023700731 0.9348162290408606
5 0.8523027449006753 0.21517859574071793 0.06092877656914149 0.045650668496630846
5 0.9909193046960258 0.2821744364107181 0.018161390607948236 0.044336742621720486
5 0.5536391023483068 0.21278801597939137 0.03824048779103798 0.03679779684265239
5 0.2835526515539922 0.052633920284982434 0.05452222831617855 0.047038327286738416