3 0.3166603569155248 0.07308145549873199 0.21673024118465486 0.14616291099746398
3 0.7976933169186016 0.03747885709405212 0.19582215737158803 0.07495771418810424
5 0.3538356975678728 0.14934304090267359 0.07885612894425546 0.07536657619557412
3 0.41092910181798264 0.135928262434301 0.07772225641958003 0.10643861922803144
12 0.19364887032127912 0.5865281139889809 0.38729774064255823 0.8269437720220384
12 0.7898802285238783 0.5011346486939593 0.418801019858538 0.8858559699308443
12 0.3354980846524692 0.3905864083306128 0.13019274200655212 0.32191825524287704
12 0.055159389868572425 0.6525603252660672 0.11031877973714485 0.35463038681226383
6 0.487959733248955 0.9213885256490081 0.15066830653114838 0.12767013103891203
6 0.5441430352334102 0.8478560609946512 0.1210239355488503 0.20129657152890756
6 0.5549736538636589 0.6006542162242963 0.09446151034197746 0.1402131069879208
4 0.3271853626163846 0.221837293825403 0.13169327473926007 0.16018910693729843
4 0.41318837389218915 0.2882971666959423 0.07390506550737197 0.14571283961171053