9 0.22833982030287522 0.5087017751466719 0.36258318058809685 0.9552278703308088
9 0.510966499220978 0.598432116491956 0.3124439962930624 0.8031357670160879
12 0.5021428241953485 0.685016169802276 0.2944519333464178 0.6299676603954482
7 0.5672072631967368 0.25367317379649995 0.11542675487988041 0.09027115006898627
7 0.32328615916458314 0.23572255168609899 0.12913976748527828 0.17696083436749382
8 0.5109000800439317 0.3558799047467758 0.05347211086565679 0.08141185962367008
6 0.4501303354250717 0.9175025877946639 0.06719042881601428 0.0885007308353215
14 0.22742352228177462 0.5987693231080938 0.3371438111534341 0.7734848643868968
6 0.32867573170670766 0.7671349445007409 0.046944945410660195 0.06320668227888558
6 0.1468915924741448 0.09191156193257373 0.06503910261603046 0.08429453577998365
5 0.5158968172273853 0.29726537690314486 0.04873033733541939 0.03947991644036868
