3 0.5400239441408492 0.16463111162933072 0.16069473231609546 0.21495916053549785
9 0.42153494041062384 0.21395218640958 0.2225165211374532 0.3846357780144467
3 0.4235984777167667 0.07235374630793283 0.11004280523590491 0.09330881152619025
9 0.27578140826818465 0.47546218489345426 0.3070152310303564 0.7714600104716672
8 0.2108869893442635 0.2472502661973136 0.06110040463478106 0.07070198951607237
3 0.19996039120493272 0.17192603285866015 0.09316385883755629 0.08917894802720841
9 0.13377662675945154 0.5666998370203105 0.25982262062130745 0.8493760054015675
2 0.7030866475529287 0.847062098555729 0.16190600635391786 0.18699044973238474
12 0.28951137843295255 0.5450759555777337 0.27156962493488296 0.6287226969309456
2 0.2820600475262683 0.5430799228645561 0.06253144777036261 0.08704307790149804
2 0.7755221941048435 0.6638612054506968 0.07852122983495549 0.13097597173022035
12 0.53234021219354 0.6070401131515867 0.4089583046564448 0.7121263619472792
8 0.5479005440053334 0.34531118151933554 0.10254030402606698 0.10755051864396843
5 0.5688562133602404 0.2818071019580903 0.08798156509705589 0.07995871320067179
5 0.19662100299645574 0.21229646056803161 0.0444445899817647 0.038534516177664194
8 0.45251295568596117 0.15631461200436655 0.06948870753080186 0.08900466109651914
5 0.4483204855617373 0.11098957170016058 0.04752980799825996 0.04317908310908905
12 0.1270995316662841 0.6112669879250708 0.23954307179754306 0.6840724373886032
6 0.15437578531606963 0.5806862317617733 0.02825012670455733 0.059552581672765094
9 0.7692687747035574 0.3693629535822497 0.4614624505928854 0.6636259575830702
3 0.8588458004358009 0.08350745209130145 0.06947025699808408 0.052091311612122285