3 0.17611205432937183 0.303359375 0.12062818336162985 0.07470703125
3 0.6332427843803057 0.317421875 0.06718166383701198 0.07156249999999997
12 0.731018675721562 0.40744140625 0.09001697792869266 0.06423828124999997
5 0.7226485568760611 0.35294921875 0.034753820033955905 0.01953125
3 0.7230560271646859 0.3312890625 0.05050933786078098 0.04070312499999995
5 0.9016808149405773 0.3149609375 0.03887945670628199 0.019921874999999978
3 0.9087606112054329 0.29029296875 0.051120543293718 0.044628906250000044
12 0.7960271646859084 0.36650390625 0.07602716468590827 0.12300781250000004
3 0.8028353140916809 0.27037109375 0.05658743633276747 0.04386718749999999
12 0.16774193548387098 0.681953125 0.312597623089983 0.6344531250000001
12 0.9142105263157895 0.37326171875 0.06957555178268254 0.05558593749999996
6 0.6860950764006791 0.49185546874999997 0.05709677419354838 0.05199218749999995
8 0.20848896434634975 0.3827734375 0.05402376910016979 0.04839843750000006
8 0.6200509337860781 0.37537109375 0.03904923599320883 0.02914062500000003
8 0.7276400679117148 0.37287109375 0.036366723259762236 0.02710937499999999
8 0.9041765704584039 0.333125 0.041612903225806436 0.02806640625000001
8 0.8110356536502547 0.3105078125 0.029405772495755603 0.024375000000000036
5 0.630390492359932 0.3562890625 0.03235993208828514 0.01878906250000001
5 0.8165195246179966 0.29345703125 0.036994906621392126 0.014179687499999982
5 0.20388794567062818 0.3490625 0.04580645161290323 0.022890625000000053