3 0.6264923157825192 0.43415120573761734 0.15969039128370532 0.21713489723317453
3 0.8564213505221314 0.29586396675437826 0.1364725266477946 0.13363655274417469
12 0.4779896246806584 0.5959303926470354 0.16413520055537847 0.30976756844556
3 0.4503333042378779 0.41120611158946857 0.06952488654570897 0.09943022568778864
3 0.35614218571700684 0.5271034874324243 0.10167586988712211 0.1542017429495497
12 0.05397269743202249 0.7812132679974865 0.10794539486404497 0.37586630856724973
3 0.04078001042831116 0.5376884714782572 0.08156002085662233 0.10529532595104872
3 0.17914070990014436 0.47694531712576244 0.06797273865791414 0.0888281757958816
3 0.5077958494890151 0.37768472201172604 0.041793785662489084 0.06385981608494215
12 0.7901802173032179 0.4726828161398201 0.11265918570428142 0.23471861320130222
3 0.7715950096023011 0.3093324211330218 0.05542277489890789 0.06903997886955879
3 0.690959239962499 0.3518701714782259 0.09171765262579117 0.12830672143729294
3 0.9493186324414771 0.2849596836125279 0.07885227392653005 0.09171180182189426
3 0.9777863804010624 0.24618908939986223 0.01693041934966762 0.03688846424910289
3 0.9044776546573838 0.2588258339830102 0.03071711605621401 0.05047198837825729
3 0.33420365762856946 0.43427801600298227 0.0447403739679513 0.07666055452421841
12 0.6514800726398728 0.7250168478755914 0.29151690102754324 0.4637275870724359
12 0.8725102021618008 0.6282830847143828 0.16536786020829394 0.5196559056365359
12 0.1989127969216414 0.7933635120366715 0.1697773159070595 0.3940947265246425
12 0.4069592671417126 0.739527189499265 0.24614569717908208 0.3534535871700664
2 0.8000097272025253 0.5978526024067744 0.06139480524489612 0.09884313642038
2 0.34839276959968324 0.8318721084887722 0.09821673230374572 0.1140900801405254
2 0.47498796936852294 0.8279754015786577 0.06410483234516696 0.09903883284284955
3 0.7835234301551358 0.46686953618759064 0.0498450132282383 0.06024522468008188
8 0.8459775474436783 0.38368485407698405 0.0444249590276966 0.059853831835142784
8 0.7739574449218114 0.3637096493444306 0.02904668756582334 0.03356741747794682
8 0.17243928250481677 0.5456140208950713 0.04418839782250515 0.047248789818336065
8 0.03790592239310953 0.611974758777326 0.04414897095497333 0.04514794948220161