3 0.601796875 0.15380673499267938 0.131103515625 0.15702781844802344
9 0.47794921874999996 0.1604831625183016 0.16013671874999996 0.32095168374816985
3 0.507939453125 0.02752562225475842 0.10014648437499996 0.05505124450951684
9 0.2843359375 0.3643045387994143 0.16801757812500004 0.7026647144948754
8 0.266669921875 0.1274524158125915 0.05254882812500003 0.046998535871156655
3 0.2708203125 0.0530307467057101 0.08349609375 0.05086383601756956
9 0.09130859375 0.3923865300146413 0.1826171875 0.7847730600292826
3 0.030771484375 0.016661786237188878 0.061533203125 0.033308931185944364
2 0.62482421875 0.8520058565153733 0.13860351562500006 0.12525622254758412
12 0.2837890625 0.4345827232796486 0.16020507812499998 0.5621083455344069
2 0.277236328125 0.4306734992679355 0.05056640624999997 0.0648609077598828
2 0.730986328125 0.7014494875549048 0.05793945312499993 0.10527086383601754
12 0.506669921875 0.5707027818448023 0.2945898437500001 0.5841874084919472
8 0.573359375 0.3277891654465593 0.08980468750000004 0.06660322108345536
5 0.606279296875 0.2742606149341142 0.07974609375000008 0.04320644216691068
5 0.259736328125 0.08988286969253294 0.04117187499999997 0.019838945827232803
8 0.51853515625 0.11802342606149341 0.05719726562499999 0.06272327964860908
5 0.5234375 0.07380673499267935 0.04304687499999993 0.023265007320644217
8 0.033310546875 0.11623718887262079 0.06662109375 0.07546120058565152
5 0.032607421875 0.06101024890190337 0.058466796875000004 0.029326500732064425
12 0.086630859375 0.43816983894582723 0.17326171875 0.6197803806734992
6 0.146123046875 0.4254904831625183 0.017724609374999978 0.05262079062957548
9 0.802099609375 0.3561493411420205 0.35306640624999996 0.6487115666178623
3 0.9285546875 0.16699853587115668 0.06139648437499989 0.04749633967789165