12 0.6097395675879246 0.6527364695733014 0.19723518022383374 0.6246093227293317
7 0.6438371926773475 0.31273042094011 0.09899318945638981 0.16003853850069577
8 0.6305480384180655 0.3441741232228074 0.04783904496296828 0.06045868132227258
6 0.5639623775817403 0.46488289416584644 0.044407050744498425 0.05855657855499596
6 0.5787145855793722 0.4420173619108551 0.03636840443220348 0.05298839526185879
12 0.7476172024760891 0.5711934616203003 0.16027275049931242 0.4666743067134539
11 0.7382190044041809 0.8133936867153663 0.07421232024296823 0.07730135621037658
14 0.8103157479820879 0.3229171403312126 0.06762427002881177 0.08366664220124707
8 0.807541987685515 0.3626440550492692 0.035285725964443085 0.05461424801174964
8 0.4864195943801301 0.23943328579336104 0.030311156240239903 0.03738884545199098
5 0.48471413448258266 0.21895617773382064 0.025382576219834016 0.021858358146469515
7 0.4935240685477441 0.20676228210963943 0.03961643983548429 0.04811083701218636
8 0.3704532481441726 0.2009293843901127 0.029090508661087755 0.033929952439169964
7 0.37012939978906784 0.17119930493661373 0.041965755586194003 0.05163879252935387
6 0.8707177140861996 0.4717689573162488 0.02367711632228654 0.04205921618862418
5 0.6256865225248318 0.31501525137904124 0.03929451190890298 0.03624643023252534
5 0.37161544837931626 0.1789300173372012 0.02312523987671889 0.02172023313777663