6 0.146747799046525 0.9303991233198239 0.29349559809305 0.13802068444544166
6 0.39530613961207844 0.956986833447508 0.3390351770413163 0.06996379586220185
6 0.4009137782626389 0.736962718880899 0.23797503189789274 0.08313031289766945
6 0.2501931902083422 0.6115930022156588 0.16770105311564446 0.07109567509758075
2 0.18511285273856562 0.5027017274307425 0.194848154780807 0.0559213409067653
2 0.10913014478709682 0.4722189558254074 0.18403221232004713 0.08745107820330673
3 0.2863906469601252 0.09347706018667329 0.2237761507523073 0.15941042608885833
3 0.4356372536415275 0.045423357954722 0.2113341883691189 0.090846715909444
3 0.8253990126231255 0.047575142099988116 0.34920197475374887 0.09515028419997623
8 0.6454853117571638 0.14013687387760582 0.22387140849359985 0.09865896776295804
5 0.6246872542891891 0.08067106096744744 0.20622397813458668 0.06346298494708721
3 0.600098254684285 0.02265325816094629 0.1693687080227342 0.04530651632189258
8 0.8784364003328394 0.2531471587911572 0.21538425346022758 0.16352203839283272
5 0.8639367612484133 0.1501145048428153 0.25471119761140637 0.10528281745267075
8 0.4572125188634232 0.16405604992186568 0.2146694981832982 0.09117637716838171
5 0.4467777684764511 0.1115413465945739 0.18407984119069343 0.05707534904035663
8 0.3481564921080529 0.23428191966547687 0.17402028899152377 0.06837428471017977
5 0.3152738498953542 0.19250267833187215 0.14424064501714068 0.04586745948070536