4 0.6249534924712831 0.366941893468789 0.06711838328704142 0.06273287078955361
3 0.5989184436151229 0.2607687219959559 0.13299120371450868 0.1626947074607064
12 0.7560907299651647 0.517003427698578 0.21787697609549816 0.5476981554018291
6 0.6301761793498699 0.746736042269089 0.05788016381896949 0.09636491217200455
3 0.45393726962841374 0.3705765414969669 0.09243005452265587 0.12267618665987992
12 0.5026108256143739 0.5618104059041934 0.17239492859733405 0.3263237023976128
4 0.4575723766569243 0.46291983799708863 0.060300384553898884 0.06086044640045295
3 0.27200804398591816 0.26340133436327623 0.12428378626862924 0.17432243539388317
12 0.23975665311264258 0.5941421985495134 0.21592049325558918 0.5171600959697474
6 0.36071096178208395 0.7851775474391028 0.06396232729135533 0.07111869249330832
3 0.74129351762319 0.2214182249690345 0.11350683215187121 0.10967897688638187
12 0.8559884003596965 0.5355864010652168 0.190491927331958 0.49447533083683093
6 0.5194201126426731 0.6817943706853143 0.06410029640274734 0.07620343825602018
6 0.9650581611641972 0.7048837002078268 0.06055140749626038 0.1116783191717613