6 0.1116820140568071 0.8264048149634118 0.2233640281136142 0.1832118754495206
6 0.2802776118838731 0.9110748225237526 0.34413774545867676 0.17058854469505005
6 0.3518398072420855 0.6790763503128691 0.2347506799109308 0.10806826187034789
6 0.2502253646423444 0.5438281825385884 0.16806593840378875 0.0885292837761601
2 0.21893498351211016 0.4339427147654217 0.18813339276167657 0.07840261372975893
2 0.15981106192809538 0.39546688759090365 0.18635185364115064 0.10522173234730227
3 0.4156034164349209 0.07873210010986623 0.24137381229144858 0.15746420021973245
3 0.5650198252381632 0.05072169410497902 0.22076680113657687 0.10144338820995805
3 0.869959005315036 0.08928771810109438 0.2595658915641173 0.17857543620218877
8 0.7252017104858742 0.16224387452760294 0.22680345873776458 0.12125871483514496
5 0.722681885247711 0.10454207832171802 0.20030054392874452 0.08684274073417625
3 0.7192771551970784 0.03988704776998187 0.17214511445065142 0.07977409553996374
8 0.8922699696604828 0.30352199952258 0.21126090125903005 0.18796220140990041
5 0.8951482166183563 0.20466907512937074 0.2067711928666366 0.13541764294606232
8 0.550888655664658 0.15825032916386672 0.21665243660295447 0.11288118964329183
5 0.5553549050658784 0.10839394274303946 0.18006887663264431 0.07815220647950219
8 0.43455656871208137 0.20822090112824246 0.17409086650938982 0.08602891717084189
5 0.4167867512805301 0.16577356475314803 0.14163340056828844 0.06217782580422368