3 0.16893697982988148 0.2564875741486963 0.15686461847527366 0.12084609919923062
3 0.6985898116078783 0.4014854712721398 0.09263265555407416 0.1022280610713959
12 0.7990641197887388 0.5326635843922082 0.1184595066108634 0.1009756986938564
5 0.7970815661422949 0.4672966119151439 0.044729023911140774 0.031578570937657015
3 0.8012964496793284 0.4422674878870002 0.06754569722467221 0.06227611328721947
5 0.9923860359038825 0.47313252499636493 0.015227928192234957 0.033231400855239616
3 0.9937172165609113 0.44339610474290564 0.012565566878177503 0.06059414961903894
12 0.8807595564961402 0.5038773732314455 0.11443118299685731 0.164955601656069
3 0.9023209171821882 0.3947867989622869 0.07565295128639232 0.06718364328255648
12 0.17924499784264844 0.6291539494130406 0.34068179451022235 0.6711519355233289
12 0.984082743693069 0.5381390766873906 0.03183451261386191 0.077530224078693
6 0.7349744569215803 0.6171364151766724 0.07792323630226283 0.0764380487171707
8 0.19586736523404688 0.3572193384466342 0.07380004598556264 0.07169070573785076
8 0.6746411692687726 0.46466443915426664 0.0511224992437117 0.04558031935159106
8 0.8008000284523813 0.4914993209844962 0.04899134079952124 0.040913069880279714
8 0.9916334914680681 0.4925878910863974 0.016733017063863855 0.04019222830820222
8 0.905773778057341 0.44303203008497444 0.038892054865291396 0.03592544637693398
5 0.6899861363192111 0.4458097743742987 0.04074496016612086 0.03141838392163982
5 0.9151774311331697 0.4250838737718064 0.04658192921197069 0.027071508482362863
5 0.19465000773184452 0.31708172376773514 0.058881936876231014 0.03901995943867119