9 0.41151919866444076 0.599609375 0.44574290484140233 0.80078125
3 0.5072787979966611 0.2645703125 0.12467445742904852 0.08167968749999999
9 0.18779632721202003 0.49474609375 0.3104507512520868 0.54732421875
3 0.2353756260434057 0.28734375 0.11218697829716191 0.08736328125000001
9 0.8006844741235393 0.4730078125 0.10407345575959938 0.33447265625
12 0.802787979966611 0.47861328125 0.09954924874791318 0.26226562499999995
3 0.8031218697829716 0.3281640625 0.04385642737896491 0.03800781249999996
9 0.8963105175292153 0.45712890625 0.098864774624374 0.3783203124999999
12 0.8964273789649416 0.46794921874999995 0.0996994991652755 0.29171874999999997
3 0.8806844741235392 0.29744140625 0.04606010016694477 0.04441406250000002
12 0.4434891485809682 0.69611328125 0.34307178631051755 0.6077734374999999
4 0.47190317195325543 0.37083984375 0.07540901502504167 0.07591796875000001
12 0.2095492487479132 0.56962890625 0.2667779632721202 0.4007226562499999
4 0.17869782971619366 0.36419921875 0.04063439065108515 0.06833984375000002
6 0.2216026711185309 0.434375 0.08150250417362269 0.09345703125000004
6 0.13015025041736225 0.69134765625 0.07393989983305507 0.10832031250000007
6 0.3661769616026711 0.415078125 0.06444073455759602 0.10999999999999999
5 0.4693656093489148 0.3184765625 0.05961602671118537 0.03361328124999996