3 0.19924999999999998 0.23748235294117648 0.233921875 0.2585176470588235
3 0.43671875 0.21948235294117646 0.12551562500000002 0.12835294117647061
3 0.770390625 0.19849411764705882 0.10796875000000003 0.10131764705882354
3 0.332578125 0.27945882352941176 0.09431250000000002 0.17771764705882354
12 0.1125 0.6882352941176471 0.225 0.6235294117647059
6 0.366140625 0.9619529411764706 0.09373437499999997 0.07607058823529421
6 0.36796875 0.7583529411764706 0.08176562500000002 0.108070588235294
12 0.28465625 0.6317882352941177 0.15515625000000002 0.37642352941176477
6 0.26940624999999996 0.7851999999999999 0.08517187499999998 0.14216470588235283
6 0.45531249999999995 0.6225176470588235 0.07157812499999991 0.10696470588235296
6 0.52003125 0.5627529411764706 0.07659374999999997 0.0713647058823529
8 0.19793750000000002 0.4159058823529412 0.11410937499999999 0.08985882352941175
5 0.23517187499999997 0.3661176470588235 0.066703125 0.05145882352941177
12 0.8733437500000001 0.47917647058823537 0.15240624999999994 0.45560000000000006
8 0.7785624999999999 0.30496470588235297 0.054546875000000036 0.05463529411764709
5 0.754875 0.2661411764705882 0.04568750000000001 0.041317647058823535
12 0.40650000000000003 0.5299529411764705 0.12184375000000003 0.3602823529411764
8 0.43370312499999997 0.3447529411764706 0.06742187499999996 0.05343529411764701
5 0.4519375 0.3075058823529412 0.07260937500000005 0.04952941176470591
8 0.3078125 0.42061176470588235 0.07345312499999998 0.06788235294117652
5 0.327859375 0.38023529411764706 0.05625 0.042047058823529423
6 0.565984375 0.48491764705882356 0.05070312500000007 0.03962352941176465