9 0.22845426005287053 0.5679545372628879 0.37993862292378844 0.8640909254742242
9 0.5059468978620048 0.6090163621318431 0.32794735928156793 0.781967275736314
12 0.5116181035438753 0.6921783513522834 0.30462890001363535 0.6156432972954331
7 0.5004309109222674 0.2677884532466987 0.11211546063467771 0.08994675702021951
7 0.27267848424681296 0.31521505970731806 0.12924628669105334 0.1725096126680444
8 0.46490039582028647 0.3778629393534516 0.052954416566879436 0.07885200707494519
6 0.499062285608597 0.9199059667420408 0.06713557885924508 0.08693904114057475
14 0.2421617742719043 0.6531576261892668 0.348531578517657 0.6936847476214664
6 0.36250681422253755 0.811156513025727 0.04651332873914202 0.06151835417751724
6 0.08628142834165967 0.22735150970715678 0.06503501767314207 0.08293420648682208
5 0.4604426390152431 0.3219886660962271 0.047916868578104434 0.03892744415041879
