12 0.5582973818050093 0.6737662423304288 0.1415848057056901 0.5419835466731383
7 0.5627097823504994 0.3747612216031833 0.08055196704422429 0.13421014775712997
8 0.5531733211830728 0.40365803005661893 0.04007763051156408 0.05009323955903844
6 0.5046002381785992 0.5140839541665874 0.03709595554622013 0.04840725250927031
6 0.5157137772680666 0.49342658894217784 0.030127215235168085 0.0434870894325924
12 0.6713756832273203 0.5914873946340753 0.11825885118652406 0.4043730933180341
11 0.6817472981331851 0.8035770484630427 0.06292563985395305 0.06203294698004152
14 0.7077942184678094 0.37009648053294525 0.05609488424589083 0.068947103429991
8 0.7081995485328422 0.4048597941424127 0.028168178738061437 0.04482858130079431
8 0.42043704096163975 0.3241937365194526 0.02504851906972766 0.03130827472439896
5 0.4172656370296846 0.306235560120572 0.020923469021029838 0.016239779170861966
7 0.42405327241806245 0.2956231788185517 0.03303989784901722 0.03925591671904692
8 0.31698644242981133 0.3007215978756068 0.02402588060149014 0.028280795806428914
7 0.3142142451607956 0.2746617763203267 0.03406253631725475 0.04228339563701697
6 0.7709502068662143 0.4942251555096231 0.019171409578408165 0.03533275032900471
5 0.5469598739782157 0.3788363518150709 0.032919161233901206 0.028900887133248104
5 0.3162595220972708 0.2807167341562668 0.0189644325239233 0.017581271039063966