12 0.7545250107847621 0.5401608535014261 0.48314248300917695 0.9196782929971479
12 0.3201516977238132 0.6167912372787091 0.49300857365028483 0.7664175254425818
12 0.08198979828627803 0.6222943722943723 0.16397959657255606 0.7554112554112554
8 0.4153533929076703 0.3054372979105229 0.05390768924759676 0.03189057098735802
7 0.4071936442016557 0.22711833481736307 0.16024233585254397 0.07186218915255013
7 0.09001493500227022 0.20551193539726534 0.17536626285467907 0.08312568349848534
6 0.544528249690579 0.416725400173569 0.15661578087209305 0.10631783037521506
6 0.09647211195762048 0.5440121417541093 0.1010294261242932 0.09381958216369155
8 0.8985034162857054 0.0794654238097318 0.14740681268078973 0.09739523160315178
5 0.43521641599547944 0.28869455917495723 0.037239708735280874 0.0421839015817596
5 0.9072452268870073 0.03202276960005392 0.1277060780178931 0.012538663664142996