9 0.8556021804117311 0.49759722660359074 0.2885596217399876 0.9219374014846177
3 0.8761759536249373 0.1618989572516275 0.16504365776488883 0.19292171493825955
9 0.6673086563056075 0.6637683285016289 0.46408614022908234 0.6724633429967422
3 0.7368819184461028 0.5117603176554422 0.2731741749656608 0.3549531586464073
3 0.3153849669330391 0.5331625846973086 0.1649964542775789 0.1807636602270133
3 0.13025045006452424 0.15083662620913868 0.06314584415972918 0.06893724232261284
9 0.13023864919269676 0.6527355623100304 0.2604772983853935 0.6945288753799392
3 0.0882490309161267 0.3890803616083124 0.13741837275246574 0.1303729590037675
9 0.5086904805948326 0.3783075507521437 0.23765429201255792 0.6099540068634371
12 0.5145337554201378 0.44067063126713724 0.22295987243434268 0.48217064878235294
6 0.48229476027622276 0.38491657267450713 0.04184176928162482 0.06723181006420845
6 0.5559244794514624 0.35972172869471114 0.04891755901869984 0.061214674515084916
12 0.340131853510858 0.8184779812490148 0.2985763480270074 0.36304403750197034
6 0.44215323817310476 0.7971945703449991 0.0735533516054624 0.1374147169398008
9 0.3289140504182892 0.7036081354553083 0.33496427125363437 0.5927837290893834
6 0.4256372743830493 0.7408176794758793 0.07631272703048687 0.06449291373225169
12 0.6819935490357489 0.7999501367865873 0.4184052157502173 0.40009972642682534
6 0.6708344122052161 0.8006304400262553 0.432598098275764 0.3987391199474895
12 0.8613244963008044 0.5911153223161527 0.2755690757524395 0.7105851006370014
8 0.8731595711405631 0.2857370354058412 0.07838242764780629 0.07514889497787777
8 0.4910898508879524 0.20945539127403245 0.06006194475944865 0.05827241939034406
5 0.4917415109593199 0.17222576956416236 0.05388234508705987 0.03390325984799488
12 0.12525287350153722 0.7614025971351147 0.25050574700307443 0.4771948057297707
8 0.11565566170263952 0.5139435687812626 0.06518014216156587 0.07047468253480409
8 0.14163936579859177 0.22160699861464928 0.04381706292432399 0.05357168188734204
5 0.14024787721425203 0.18815908562875805 0.03659966272531878 0.023114653302727065
12 0.13051790560729504 0.47379821700658004 0.030532171335291253 0.027620873699587607
8 0.19042643903298614 0.4560827944516353 0.050898753097312927 0.04907430317712428