6 0.19728515624999998 0.8702213541666667 0.29859375 0.1288411458333334
6 0.4439453125 0.9318098958333333 0.30183593749999993 0.1311588541666667
6 0.434140625 0.6950651041666666 0.20869140624999993 0.06869791666666665
6 0.29130859375 0.5790234375 0.14625 0.05983072916666673
2 0.22519531250000002 0.478984375 0.17138671875000003 0.04575520833333332
2 0.15517578125 0.45015625000000004 0.15970703125000002 0.07367187500000005
3 0.29103515625 0.11319010416666668 0.19144531249999996 0.13782552083333335
3 0.4224609375 0.055989583333333336 0.18296874999999996 0.11197916666666667
3 0.81052734375 0.061927083333333334 0.37894531249999996 0.12385416666666667
8 0.6171484375 0.1643359375 0.19523437500000007 0.083125
5 0.5951171875 0.1100390625 0.18130859375000008 0.051914062500000004
3 0.56888671875 0.0383203125 0.14894531249999998 0.076640625
8 0.871640625 0.2719921875 0.2566992187500001 0.14145833333333332
5 0.83306640625 0.17921874999999998 0.25876953125 0.08906249999999999
8 0.44921875 0.180703125 0.18748046875000002 0.07717447916666666
5 0.43693359375 0.13328125 0.16294921875 0.04707031250000001
8 0.35548828125 0.24164062500000003 0.15181640625000004 0.05703125000000001
5 0.3233984375 0.20338541666666665 0.12671875 0.03773437500000002