12 0.380308119229048 0.7355129058797669 0.23474475861078117 0.5289741882404662
3 0.4151734129943447 0.44470348668916976 0.09771228169982679 0.11819883921862918
12 0.22031069505922105 0.5154702441088406 0.17367407391163586 0.2186736056890308
3 0.235383815162293 0.37324850346672195 0.07851051195621699 0.08703785152852123
12 0.7249854911667221 0.5812258729379303 0.07628306123330154 0.08089005464183921
5 0.7245785467829735 0.5206710361951367 0.023766618520275805 0.017829573562402213
3 0.734258677288775 0.5037741886504625 0.04901677536065953 0.0493070636950334
12 0.044350927547253144 0.3780151638588934 0.08870185509450629 0.15013189522764278
3 0.042751387491132525 0.27917806648575666 0.048484184648509725 0.06284947945108824
3 0.3927453972809976 0.36407959056032735 0.037769574415247094 0.044195087162693256
5 0.38818483498983797 0.3789743291132473 0.016498845216714915 0.011418024640283943