12 0.41361328125 0.735519765739385 0.17488281250000004 0.5289604685212298
3 0.4164453125 0.42314787701317713 0.08456054687500003 0.09664714494875548
12 0.236748046875 0.5299853587115666 0.14927734375 0.18065885797950218
3 0.236923828125 0.3911566617862372 0.068720703125 0.07032210834553437
12 0.72732421875 0.4909077598828697 0.06737304687500001 0.06484626647144943
5 0.720654296875 0.43317715959004394 0.021425781250000053 0.01240117130307471
3 0.728056640625 0.4151976573938506 0.04372070312499998 0.03894582723279652
12 0.0459375 0.4363103953147877 0.091318359375 0.12718887262079065
3 0.042734375 0.34014641288433384 0.041943359375 0.05196193265007322
3 0.3869921875 0.350805270863836 0.032343750000000004 0.0360614934114202
5 0.3837890625 0.3659590043923865 0.014833984375000053 0.008213762811127399