3 0.18722156974482926 0.1452513966480447 0.3112461134673537 0.2905027932960894
3 0.46045181863551493 0.1717877094972067 0.1760612496823344 0.19832402234636873
3 0.8546341741776713 0.28212290502793297 0.14877258587066253 0.16201117318435754
3 0.32945568070397296 0.19972067039106145 0.1497388044565513 0.2430167597765363
12 0.10904667133998139 0.5418994413407822 0.20309185939076513 0.6536312849162011
6 0.3055987719383575 0.7681564245810056 0.11893539668983891 0.15921787709497207
12 0.22496624077895944 0.5879888268156425 0.26455127269959355 0.4972067039106145
6 0.18634742744421415 0.7597765363128491 0.13145158425482514 0.19832402234636873
6 0.4268260239851748 0.6466480446927374 0.10758815587466031 0.15363128491620112
6 0.5108179931693994 0.6033519553072626 0.10622438466655147 0.11452513966480447
8 0.1527625354130297 0.30307262569832405 0.15395914513249856 0.15083798882681565
5 0.2033459616411977 0.2611731843575419 0.09038037389920864 0.08659217877094973
12 0.8983302789866758 0.6438547486033519 0.20333944202664833 0.5837988826815642
8 0.8497727503066274 0.4092178770949721 0.07541307319422157 0.08379888268156424
5 0.8264977471541751 0.3547486033519553 0.06181744740296107 0.0670391061452514
12 0.38150157425027076 0.5195530726256983 0.22072880881090684 0.4664804469273743
8 0.4394462436040589 0.31564245810055863 0.09047778612835929 0.0893854748603352
5 0.4661096316318692 0.2807262569832402 0.0959565820776473 0.08659217877094973
8 0.2809100075823508 0.35335195530726254 0.10045335202981152 0.10893854748603352
5 0.3102153813556545 0.31424581005586594 0.07502342427761911 0.07262569832402235
6 0.5751997733527469 0.5307262569832403 0.06739365558139973 0.0670391061452514