9 0.888996266352599 0.4661989014854196 0.2220074672948021 0.9323978029708392
3 0.9266357819013168 0.0838908152192275 0.11989871985329607 0.167781630438455
9 0.7068533604598788 0.614490289317835 0.48827033389737756 0.7302446560401219
3 0.7887800278557292 0.447058712292063 0.28984401175769503 0.38049520119360475
3 0.326117543611915 0.4589145906082894 0.17666567829511812 0.19330657267840382
3 0.1378805549676558 0.04664208779000673 0.06473698227800889 0.04128365825724737
9 0.12263659119387402 0.6016467865880334 0.24527318238774803 0.7967064268239332
3 0.0823689701654292 0.29317344963563763 0.14750513202123103 0.13852977880850184
9 0.5438498428134584 0.3134246138667629 0.23969452372720357 0.6268492277335258
12 0.5480579970085405 0.36227527853560604 0.22805333138282213 0.5249275865090615
6 0.5143398205417434 0.3002141737885738 0.044815533242828574 0.07218040322665659
6 0.596272595360833 0.274898736371298 0.05147113311004037 0.06578338344309659
12 0.341554753268884 0.7851078089635105 0.3144659925666129 0.41333823567729605
6 0.45469060426206975 0.7525771260768729 0.07629395214183077 0.15046588280973083
9 0.3331384448787199 0.6584067658630226 0.34663114861479233 0.6688812403439823
6 0.438789799732912 0.6897375055241278 0.08265801265325975 0.0688180269057695
12 0.7179629320823889 0.7644810605611386 0.44812219670830966 0.4258660674308444
6 0.7057102495490867 0.7658524105789041 0.46371239715374396 0.42654726876084287
12 0.8913915115768113 0.5445646067534966 0.2156102710633963 0.76180189363471
8 0.9467188260161538 0.2019037273729481 0.08493053471191966 0.08062102700021273
8 0.5312318588805629 0.10720095153195426 0.0637011403601152 0.061301890651497326
5 0.5330609644823094 0.06615806600961684 0.05802955319199123 0.034302751619402716
12 0.11715899236716044 0.7222670819510323 0.2343179847343209 0.5554658360979355
8 0.10799726772755085 0.43166211156940837 0.07043448405553573 0.07497176050004425
8 0.14709660569402355 0.11060977217123184 0.04698439686387701 0.0572275504782904
5 0.1472391360457396 0.07382047451236896 0.03905972359414523 0.023442133759779365
12 0.12542629175325778 0.38742966351305885 0.03351123082068516 0.02821556997852087
8 0.19229974439056136 0.3694600620175556 0.05476006112954192 0.05255142873526298