9 0.9512220728213442 0.08375785911410057 0.09091868621571879 0.16751571822820113
9 0.7331348897460866 0.31878002807604194 0.3388573358745432 0.5977457241802884
12 0.7580295336282604 0.3652136351003682 0.2726752757762782 0.4609904256316725
9 0.8264187197558561 0.18107748064086274 0.09066233326087182 0.23885746660029544
8 0.8158659776773418 0.1358023813264663 0.03391979493400804 0.03272135838981179
1 0.81139028077844 0.114381681430453 0.031398372195142764 0.0193549954052418
3 0.8208385904323361 0.08832486736592735 0.045020371006454604 0.03476912015651539
9 0.37157250714519313 0.49075601823886994 0.3094747295711607 0.950251772711702
3 0.4376580177647202 0.09673828434300424 0.1473451421216594 0.10971604459232207
3 0.7115764056996993 0.0813551839393494 0.11613991577547521 0.09866669702761181
8 0.9733916214132934 0.03983863747438046 0.030794356712170304 0.04091101657076416
5 0.9712828305740895 0.011696092866222472 0.029224611984403737 0.02093879853362868
3 0.9735408747412599 0.00326970705773288 0.041856303614825174 0.00653941411546576
9 0.10609811734100734 0.5004411548137319 0.21219623468201468 0.9991176903725362
3 0.06554115426540644 0.033394492522702025 0.12287892019274799 0.05574797079586578
14 0.10035292119017795 0.581141260136397 0.2007058423803559 0.8377174797272059
6 0.04439170725016128 0.6814476717933924 0.08112797738489723 0.11404076967316376
8 0.10190158906740135 0.1333701834820966 0.06510044334409583 0.09024367064163903
5 0.10880389804633614 0.07420676771502387 0.04616519486651185 0.0364689129444814
9 0.8627598165272136 0.543298995651826 0.26729534136430616 0.8475309931422668
3 0.9411346196002368 0.19117610710435468 0.10486024508776533 0.13644738167559997
8 0.9192196616974871 0.3255543120745282 0.054526624415038305 0.06331762857320049
5 0.9076379832682909 0.2769956168437789 0.02953364534273779 0.03422783507847912
6 0.7728735911934714 0.6061927176924317 0.05868099898755814 0.051844374475895294
2 0.5940546042484743 0.4058001809599106 0.04598610025124871 0.0762973593591732
4 0.6915209112981544 0.18330269911159014 0.029726791191696512 0.04253348291901077
12 0.9031587383923529 0.6597313294128448 0.17537229673400156 0.6019903450496864
12 0.3577749148041713 0.5850158026454036 0.2701854800360985 0.686633404355113
8 0.4390240664953856 0.25187991447157565 0.03750878319334674 0.044465255026135124
5 0.4660433147161061 0.2069513952500548 0.033045375262492974 0.04264947257858992
5 0.6811542894517512 0.1537889990842738 0.028079788124346555 0.01923900574566265
