3 0.7322762951334381 0.1573046875 0.1829356357927787 0.141953125
3 0.35307692307692307 0.1803515625 0.17803767660910522 0.13333984374999996
12 0.30973312401883835 0.649609375 0.3927629513343799 0.7007812499999999
8 0.3485243328100471 0.32640625 0.09673469387755103 0.08171875000000006
12 0.7383830455259027 0.6564453125 0.44945054945054935 0.6871093749999999
8 0.7231868131868132 0.293203125 0.10822605965463099 0.08564453125000004
5 0.7198901098901099 0.23775390625000004 0.11733124018838306 0.052871093750000014
5 0.364850863422292 0.26802734375 0.116828885400314 0.0704296875
2 0.2394348508634223 0.57125 0.1014913657770801 0.1260937499999999
2 0.6875667189952904 0.63978515625 0.07150706436420715 0.11082031250000002
2 0.8107692307692308 0.54568359375 0.07616954474097329 0.07105468749999999