3 0.7036764705882353 0.5824693083638587 0.17205882352941176 0.24193036950019678
3 0.9448529411764706 0.5611929964589285 0.11029411764705882 0.14430268441154806
12 0.525 0.6696080505262416 0.17794117647058824 0.34235378539608546
3 0.5235294117647059 0.461547651097724 0.075 0.11221673449076183
3 0.40808823529411764 0.5305108414136369 0.11029411764705882 0.17157541168427534
12 0.057352941176470586 0.6223101231667324 0.11470588235294117 0.4128020645152829
3 0.06544117647058824 0.3603923200235791 0.11764705882352941 0.12210468155413617
3 0.23161764705882354 0.37917200090061465 0.07352941176470588 0.0984745168804259
3 0.5889705882352941 0.4583036074849395 0.045588235294117645 0.07146329137495502
12 0.8691176470588236 0.7148324258902716 0.12205882352941176 0.25878587983968887
3 0.8735294117647059 0.5333318059940063 0.060294117647058824 0.07706728566013123
3 0.7838235294117647 0.5325565317635229 0.09852941176470588 0.1434558526197709
3 0.39926470588235297 0.42078480847889493 0.04852941176470588 0.08531136295926299
12 0.6875 0.8213793695747015 0.31323529411764706 0.3572412608505971
12 0.9198529411764705 0.8201528178027361 0.1514705882352941 0.3596943643945278
12 0.20220588235294118 0.7384185577848078 0.18382352941176472 0.4677772012919741
12 0.43014705882352944 0.7809622873868557 0.2661764705882353 0.39643229656168755
2 0.8602941176470589 0.8516973020464388 0.0661764705882353 0.11158161064692897
2 0.35441176470588237 0.8459653531818351 0.10735294117647058 0.1281818855545127
2 0.48676470588235293 0.9123103926575109 0.06911764705882353 0.10952059132214603
3 0.8625 0.7041288102801241 0.052941176470588235 0.06744710669936105
8 0.9404411764705882 0.6540572527188303 0.04852941176470588 0.06712954477744482
8 0.8683823529411765 0.5920522261760128 0.03235294117647059 0.03869242379102373
8 0.2139705882352941 0.44721993503113056 0.047058823529411764 0.05338732716710901
8 0.06397058823529411 0.4421046478677888 0.04852941176470588 0.0512204538683539