9 0.7954843421411942 0.5019424463010662 0.26517695395844193 0.8547376787571721
9 0.36892471063306553 0.6887175011277338 0.29059495753662773 0.5966297098626266
7 0.3626660740701594 0.5080776531033471 0.09405927820420432 0.15418706667128448
14 0.3326763139948157 0.7665354112052518 0.22565032427362805 0.39339535577945217
6 0.43111867245336294 0.6899530325693787 0.03497905639424408 0.09915579868132747
14 0.8143226913818916 0.4698063316681081 0.2281859523411741 0.7126642820021938
13 0.7408284671955946 0.8136027020935627 0.0626677520414108 0.1473297430225108
13 0.7199111967050352 0.6830389660179208 0.06969160842385178 0.12954088374799422
4 0.8533879934624848 0.1842717828190171 0.0443047192320594 0.08278655113852824
5 0.8572848630346604 0.14644319331128264 0.03839045731144942 0.04355346370320353
6 0.817117724010915 0.5695493969979494 0.05176650419516839 0.11431811360640708
6 0.7260039404889973 0.4122295176304459 0.0425062911739589 0.10604226408213568
