9 0.6975990758225725 0.057692307692307696 0.017872443438478346 0.10049627791563276
9 0.7090437432931642 0.060794044665012405 0.01629260704359902 0.1054590570719603
9 0.723420618012343 0.05831265508684864 0.017316315580676374 0.09925558312655088
14 0.6075208300844808 0.07133995037220843 0.019793364543309253 0.07568238213399504
9 0.6063895999734783 0.06699751861042183 0.017316315580676374 0.09925558312655088
9 0.6344736023852536 0.07630272952853598 0.022839645367898613 0.10794044665012408
14 0.6111236931740943 0.15818858560794044 0.018479169684009686 0.10669975186104218
9 0.6115786242564372 0.14950372208436724 0.019793818950531363 0.12903225806451613
14 0.6250203376170653 0.1619106699751861 0.022321466300893857 0.11042183622828784
9 0.6257406830313769 0.15260545905707196 0.018782760010386413 0.13647642679900746
14 0.6709559914430315 0.056451612903225805 0.025405241509058075 0.09305210918114144
9 0.670873769062971 0.04838709677419355 0.02531669433053149 0.08436724565756824
9 0.6741669442313527 0.1315136476426799 0.022599757433405775 0.13771712158808933
9 0.6849608390707609 0.15074441687344914 0.0257336766220775 0.07196029776674938
9 0.6886330477398913 0.21774193548387097 0.035390243755627986 0.11290322580645161
9 0.7876913343792634 0.2053349875930521 0.030397742632342906 0.10297766749379653
14 0.6847541655538769 0.37034739454094295 0.028994546187294645 0.07196029776674938
9 0.6843432808571861 0.3566997518610422 0.027566504955603685 0.09181141439205956
14 0.5959395162873551 0.34801488833746896 0.019704817364782665 0.06699751861042183
9 0.597961634167645 0.33312655086848636 0.021032116228236745 0.09057071960297766
14 0.6185444625011717 0.3529776674937965 0.023003635720797024 0.0707196029776675
9 0.6200357517175243 0.3393300248138958 0.019945159706497614 0.09057071960297766
14 0.33312418517849046 0.423697270471464 0.03523890299966198 0.1513647642679901
9 0.33520955104344213 0.4150124069478908 0.03296424758794684 0.19478908188585609
9 0.22281188383695671 0.5583126550868487 0.052503711378164265 0.13895781637717122
9 0.23110411213070076 0.6786600496277916 0.03870262052301947 0.22456575682382135
9 0.2661900839491186 0.6817617866004962 0.037059536143478365 0.22332506203473945
9 0.294786622240266 0.7679900744416873 0.04330343854862334 0.24937965260545905
9 0.37221917041002445 0.7133995037220844 0.04433888786818838 0.13771712158808933
14 0.43446008087652205 0.7146401985111662 0.044553476608816416 0.1054590570719603
9 0.43453575125450505 0.6954094292803971 0.04325193134644925 0.13771712158808933
9 0.5452354557277539 0.7853598014888338 0.055284805074396225 0.19851116625310175
14 0.4978846005679952 0.19230769230769232 0.021272458569951695 0.1141439205955335
9 0.4978466517771981 0.18858560794044665 0.020463793180724728 0.141439205955335
7 0.2202962044726934 0.4981389578163772 0.01651939097393722 0.02109181141439206
7 0.26138641796537465 0.5837468982630273 0.016633237346328492 0.03225806451612903
7 0.28655131713271764 0.6532258064516129 0.01487630659439612 0.019851116625310174
7 0.23148878881908233 0.5831265508684863 0.017164066010265714 0.031017369727047148
7 0.4288034759142877 0.6395781637717122 0.018718603211280167 0.02357320099255583
7 0.37276219426367174 0.6600496277915633 0.01820042414427541 0.026054590570719603
7 0.5479142166304714 0.7016129032258065 0.020955764239420204 0.02977667493796526
7 0.3299130051865581 0.3219602977667494 0.011526889850652143 0.011166253101736972
7 0.598416338046377 0.2977667493796526 0.012677094357053173 0.017369727047146403
7 0.6864220947200604 0.3207196029776675 0.010515830910507317 0.018610421836228287
14 0.6325904028676087 0.07816377171215881 0.02256135423538645 0.08064516129032258
7 0.6251082031847585 0.09057071960297766 0.009403575194903377 0.016129032258064516
7 0.6140238220231281 0.09615384615384616 0.009959703052705347 0.017369727047146403
14 0.6728208981761112 0.1327543424317618 0.020109604466618382 0.10669975186104218
7 0.6803026434517392 0.06699751861042183 0.008291319479299683 0.013647642679900745
7 0.6895612026891427 0.12220843672456576 0.009378276001038814 0.013647642679900745
8 0.32929385654770543 0.3411910669975186 0.008834797740169003 0.013647642679900745
5 0.32864918151137695 0.33126550868486354 0.00767194363683569 0.00620347394540943
14 0.29399670404282635 0.7704714640198511 0.04436464146927543 0.1935483870967742
5 0.28511695110256063 0.6724565756823822 0.00878419935243963 0.008684863523573201
4 0.21813516822975867 0.5260545905707196 0.011034009977512072 0.016129032258064516
5 0.2171681556752659 0.511166253101737 0.00987115587417876 0.008684863523573201
14 0.5306688370545896 0.7692307692307693 0.04141910301292282 0.11786600496277916
14 0.37380555880698096 0.7357320099255583 0.04452817741495173 0.10297766749379653
14 0.23148337283506062 0.6892059553349876 0.03751401281859911 0.16129032258064516
14 0.26416796606882875 0.6966501240694789 0.035517194132174024 0.17866004962779156
14 0.6914642854166306 0.22890818858560794 0.02977836678987941 0.09553349875930521
14 0.7838616873593117 0.20285359801488834 0.025822223800603842 0.08064516129032258
13 0.5582543164055922 0.8629032258064516 0.024873958437898556 0.04094292803970223
13 0.2832102700199399 0.8852357320099256 0.02093046504555564 0.02729528535980149
13 0.30948019128997617 0.8498759305210918 0.012828889520241537 0.03225806451612903
13 0.2639728061308215 0.7841191066997518 0.017682245077270533 0.028535980148883373
13 0.27826745846993983 0.7735732009925558 0.011640736223043414 0.022332506203473945
