14 0.7060515714547968 0.5165877966398442 0.18160026453513933 0.4757419608218339
9 0.6987408574146244 0.4543973247248569 0.1974094049924843 0.5776102582362789
9 0.46439876457527013 0.8441848857343699 0.2098480173781449 0.3116302285312602
14 0.6355223934043166 0.23604512206672149 0.08473433177876254 0.14252352376803715
7 0.4543084302150028 0.7741746725502057 0.08813339935798838 0.1476235442201854
6 0.7647886089480728 0.6365034551368132 0.03865574389859241 0.09120252579251707
6 0.6292195374973827 0.34421509847177056 0.035231085248736006 0.08484937250828832
6 0.5466063568638119 0.8837088990776867 0.03135934033195134 0.08349416903174278
14 0.46097035929963415 0.9319552193022166 0.18813339935798837 0.1360895613955668
8 0.6565580905836532 0.35182911431979025 0.0364443886963667 0.06358985892483886
