9 0.15071354166666667 0.4394418052256532 0.022510416666666682 0.11210213776722089
14 0.32385937499999995 0.5833729216152019 0.30146875000000006 0.8332541567695962
9 0.32544270833333333 0.5 0.2886354166666667 1
9 0.796875 0.505938242280285 0.21145833333333333 0.9881235154394299
14 0.8079531249999999 0.6099762470308789 0.1996458333333334 0.77624703087886
6 0.443234375 0.34989311163895487 0.0627135416666667 0.21807600950118766
8 0.7992135416666667 0.17655581947743468 0.047182291666666744 0.08996437054631828
7 0.8379010416666667 0.0676603325415677 0.10481770833333333 0.11735154394299288
5 0.804984375 0.11390736342042755 0.03551562500000003 0.03584323040380048
8 0.37770833333333337 0.16660332541567696 0.09422916666666671 0.15609263657957245
3 0.3334010416666667 0.061045130641330166 0.18681250000000002 0.12209026128266033
