9 0.6923802083333332 0.07231591448931117 0.015963541666666713 0.1126128266033254
9 0.7036145833333334 0.08356294536817102 0.013687500000000104 0.10327790973871735
9 0.7171875 0.07122327790973872 0.014812500000000029 0.11478622327790974
14 0.6058645833333334 0.09750593824228028 0.01776041666666662 0.07146080760095012
9 0.6049270833333333 0.09343230403800475 0.0149166666666666 0.09406175771971498
9 0.6316927083333332 0.10115201900237532 0.020229166666666742 0.10229216152019004
14 0.609140625 0.18040380047505938 0.0156979166666666 0.10117577197149644
9 0.6097135416666667 0.17199524940617578 0.016880208333333258 0.12242280285035627
14 0.6226302083333334 0.18363420427553445 0.019291666666666648 0.10454869358669833
9 0.6231822916666666 0.17456057007125889 0.01590104166666677 0.13045130641330166
14 0.6668333333333333 0.0810332541567696 0.02301562500000003 0.08790973871733967
9 0.6668229166666666 0.0687648456057007 0.02322916666666662 0.08814726840855107
9 0.6696354166666667 0.15249406175771973 0.019338541666666723 0.13116389548693586
9 0.6799635416666666 0.17054631828978623 0.023489583333333286 0.06743467933491688
9 0.6832395833333333 0.23438242280285035 0.0319427083333333 0.10684085510688833
9 0.7783802083333333 0.2187648456057007 0.027421875000000047 0.0973040380047506
14 0.6792812500000001 0.3807600950118765 0.026468750000000086 0.06812351543942995
9 0.6788697916666667 0.3680878859857482 0.025104166666666573 0.08631828978622322
14 0.594296875 0.36282660332541566 0.01793750000000003 0.06300475059382417
9 0.5962291666666667 0.34882422802850355 0.018463541666666573 0.08539192399049879
14 0.6158645833333334 0.36692399049881236 0.020598958333333427 0.0671021377672209
9 0.6174010416666668 0.35362232779097386 0.017656250000000047 0.08631828978622336
14 0.3421458333333333 0.44508313539192396 0.031234375000000016 0.1434441805225653
9 0.3440729166666667 0.4372209026128266 0.028140624999999985 0.185498812351544
9 0.23602083333333335 0.5785748218527316 0.048088541666666686 0.13108076009501188
9 0.24378125 0.6934085510688837 0.03315104166666665 0.21319477434679335
9 0.2773541666666667 0.6951543942992875 0.03177083333333333 0.21233966745843227
9 0.30472916666666666 0.7765558194774347 0.037020833333333295 0.2376722090261284
9 0.37884375 0.7212351543942993 0.039937500000000035 0.1299287410926367
14 0.43863541666666667 0.7203681710213776 0.04073958333333335 0.09925178147268401
9 0.4387916666666667 0.7017220902612827 0.039265625000000054 0.1299287410926367
9 0.5444635416666667 0.7837054631828979 0.049458333333333354 0.1882779097387173
14 0.5005000000000001 0.2175890736342043 0.01831770833333337 0.10888361045130641
9 0.5006614583333333 0.21371733966745843 0.017338541666666648 0.13453681710213775
7 0.233984375 0.5210095011876484 0.01530208333333333 0.020035629453681716
7 0.27311979166666667 0.6012232779097387 0.015291666666666644 0.029845605700712652
7 0.29701041666666667 0.6669358669833728 0.014140625000000047 0.0180997624703088
7 0.24435937500000002 0.6018764845605701 0.016072916666666673 0.029287410926365824
7 0.43331250000000004 0.6481353919239905 0.017640624999999945 0.022315914489311122
7 0.379625 0.6702019002375297 0.0167604166666667 0.024263657957244732
7 0.5473125 0.7035748218527316 0.019343749999999934 0.028147268408551123
7 0.33931770833333336 0.34780285035629455 0.01068749999999999 0.010190023752969169
7 0.5966666666666666 0.3147149643705463 0.011630208333333296 0.01653206650831349
7 0.6810104166666666 0.3330641330166271 0.009890624999999886 0.01698337292161515
14 0.630046875 0.1028147268408551 0.020182291666666668 0.07661520190023752
7 0.6228177083333333 0.11522565320665083 0.008567708333333238 0.014738717339667454
7 0.6121145833333334 0.12098574821852733 0.00909895833333323 0.015855106888361038
14 0.6684010416666666 0.15395486935866984 0.01729687500000002 0.10159144893111641
7 0.6757916666666667 0.0905938242280285 0.007609375000000067 0.012707838479809963
7 0.6844374999999999 0.14306413301662707 0.008583333333333342 0.012589073634204268
8 0.33875520833333334 0.3666508313539193 0.008390624999999948 0.012969121140142469
5 0.33800520833333336 0.35701900237529693 0.00713541666666669 0.006033254156769645
14 0.30385416666666665 0.7787885985748219 0.03920312499999999 0.18327790973871727
5 0.2955416666666667 0.6851068883610452 0.008208333333333328 0.007767220902612783
4 0.23166666666666666 0.5474940617577198 0.010140625000000014 0.014691211401425184
5 0.23080208333333332 0.5333847980997625 0.009098958333333348 0.007541567695962022
14 0.530703125 0.7684441805225652 0.03780729166666668 0.1113182897862233
14 0.3802864583333333 0.7425653206650832 0.04096875000000004 0.09749406175771962
14 0.24405208333333334 0.7034323040380047 0.033364583333333364 0.1525534441805226
14 0.27550520833333336 0.7091805225653207 0.030984375000000005 0.1697743467933492
14 0.6860052083333333 0.24534441805225654 0.026906249999999923 0.08992874109263654
14 0.7744791666666667 0.21644893111638955 0.023489583333333286 0.07583135391923994
13 0.55671875 0.857375296912114 0.023208333333333307 0.03800475059382423
13 0.2930989583333333 0.8893230403800474 0.019588541666666615 0.02528503562945364
13 0.318421875 0.8542399049881235 0.011703125000000014 0.030902612826603303
13 0.27496875000000004 0.7933729216152019 0.016557291666666647 0.026163895486935835
13 0.28876562499999997 0.7826722090261282 0.010916666666666686 0.02122327790973859
