9 0.6445208333333333 0.4645486935866983 0.03877083333333336 0.18606888361045126
9 0.4292552083333333 0.5521377672209026 0.043135416666666634 0.3078147268408552
9 0.27861979166666667 0.4752019002375297 0.041343750000000026 0.21332541567695962
14 0.3471927083333333 0.4418289786223278 0.023958333333333335 0.11737529691211407
9 0.34852083333333334 0.43714964370546316 0.022291666666666644 0.14908551068883608
7 0.4419583333333333 0.412541567695962 0.019307291666666632 0.029002375296912065
14 0.42980208333333336 0.5558076009501188 0.04083333333333338 0.23739904988123506
6 0.43485416666666665 0.4957957244655582 0.010671875000000004 0.03511876484560576
6 0.43812500000000004 0.4757482185273159 0.011947916666666695 0.02587885985748214
14 0.27777083333333336 0.4880760095011876 0.03840625 0.15503562945368166
14 0.281984375 0.40089073634204275 0.016765625000000027 0.05264845605700717
14 0.6437239583333334 0.4724940617577197 0.02939583333333336 0.1393111638954869
6 0.6256875 0.4566983372921615 0.007182291666666648 0.018218527315914525
6 0.62896875 0.4174109263657957 0.007697916666666771 0.01840855106888361
7 0.6378489583333333 0.38313539192399054 0.011875000000000096 0.013812351543942987
8 0.6361041666666666 0.4022446555819477 0.0063229166666666 0.010605700712589015
7 0.3433333333333334 0.36945368171021375 0.010354166666666723 0.011852731591448952
7 0.2937291666666667 0.3747862232779097 0.008390624999999948 0.010213776722090288
13 0.415625 0.6835748218527317 0.021416666666666608 0.02882422802850354
13 0.25824479166666664 0.5764608076009501 0.012984374999999973 0.02281472684085515
