9 0.6905032844345437 0.2990119724701103 0.05980745972645895 0.22050958071392462
9 0.46999736385853547 0.505938059066966 0.07618994216067745 0.3546067699106702
9 0.302535579454389 0.5034394453544215 0.06472176971387378 0.2518574866681968
14 0.37232687893119976 0.43179851791170076 0.03675434348307587 0.13856482784664095
9 0.37339106643800535 0.4265388610107615 0.03831170096002578 0.17217500021149781
7 0.4702845709836078 0.351088848357871 0.023657011778053814 0.04081265719090312
14 0.47116840485887235 0.5090546908258206 0.06672902594920246 0.2764995493391932
6 0.4706042822858308 0.44266245701295687 0.014666780752469417 0.043838494766894685
6 0.47229400093319013 0.41992712960126166 0.015100240511843511 0.033581725279219946
14 0.30299889431914817 0.5175884486549599 0.0559902152438592 0.18668937289770487
14 0.2989657691352324 0.42313449812380277 0.022839409256320487 0.0651921755476959
14 0.6903358715518711 0.3080588454582317 0.04499272798294611 0.16507314780270005
6 0.6695911101327814 0.30031047049831033 0.009335450004685449 0.024036018094111527
6 0.6693228895418264 0.2571141129741064 0.009900421756097878 0.024088526956952325
7 0.675584722090124 0.21589122311486297 0.013805907018970668 0.02059010961539417
8 0.6755734796979971 0.23718036414422147 0.008090433508827077 0.014910381811729049
7 0.36119570596399453 0.35735707950468965 0.012078113766723603 0.017855263439242985
7 0.30899855206173965 0.3893022594189811 0.009785348763064236 0.01506790840025122
13 0.4681908738614008 0.6525422532733689 0.025933337782708357 0.04231135243608045
13 0.29075469220563477 0.6219414448682922 0.01619730601665872 0.03110942341727253
