9 0.8489480872451737 0.5951674639266842 0.27047518181737695 0.8096650721466315
9 0.4110602882380745 0.7061491502738338 0.2985682825136123 0.5877016994523324
7 0.40613391623414075 0.535653087614034 0.09658250629795496 0.16161101692779645
14 0.3735448989274453 0.7953287823587146 0.23220721237699643 0.4093424352825707
6 0.47563385726143 0.734743459971291 0.036206869657105664 0.10253765134778765
14 0.8707115292003906 0.5727217913586652 0.23598588204592977 0.7293289583595496
13 0.7933619007484431 0.9130076967903435 0.06484765779260133 0.15274959060783558
13 0.7727790836215055 0.7753922529332703 0.07169065098311843 0.13421968772231296
4 0.9117388110979678 0.2869682398553103 0.04412669355777006 0.07468057213464205
6 0.8731984682356518 0.6737509575629627 0.05335577226080507 0.1176946641159739
6 0.7806129224235637 0.4961127161077185 0.04330908319273163 0.10940881798098145
