9 0.6256681666596989 0.4223612638393612 0.05723934811437055 0.19968971663058624
9 0.4262833854708219 0.5189201819249293 0.05268808445254293 0.31190278680177325
9 0.2635526272737253 0.46433535746131094 0.0440501985574353 0.22240523137081963
14 0.2945199218696308 0.4174642021514109 0.022083858430023785 0.10182599962619415
9 0.29294355892908547 0.4144626511595252 0.01901518262817877 0.13535426355295818
9 0.33246080526484123 0.4131916042880893 0.032286045894237544 0.16392967420246982
14 0.4273114660469776 0.5338483750029626 0.04728697451777142 0.24392729133004118
7 0.4444743922748248 0.3836315589161285 0.02211966302351267 0.031781842118017836
14 0.26838250028629 0.4689540455246872 0.04289837923253329 0.17227991808761162
14 0.2739552149347358 0.3815768713370978 0.01711468074209049 0.05264749663566496
14 0.3320421025745032 0.4194791486298762 0.02806788713761272 0.1235668613992737
7 0.3311089652639711 0.34075058202268155 0.010756310753908569 0.014615908045542947
7 0.29494718137622483 0.3511356827767035 0.008529713072983757 0.013187733762376289
6 0.4141954733829098 0.5198829099059048 0.01159371613458451 0.027190996729116495
8 0.4420629603237256 0.41697086005456857 0.010842697203276162 0.01837530654178355
5 0.44561882296853184 0.4054301023892171 0.00789387607416549 0.009384574903364003
14 0.6265942948598647 0.4297925401062992 0.042264878603837035 0.14471099578184735
7 0.622449672516936 0.33568425545611763 0.011884007335932157 0.015956561603166233
6 0.6396791556706878 0.42124537458868505 0.008788872421086785 0.024465929251097952
