1 0.109375 0.39609375 0.0390625 0.0515625
1 0.26328125 0.4078125 0.0828125 0.096875
1 0.37578125 0.4171875 0.0890625 0.0953125
0 0.4875 0.43359375 0.0625 0.071875
0 0.178125 0.3859375 0.0546875 0.0625
0 0.06171875 0.3734375 0.0515625 0.06875
0 0.84609375 0.52109375 0.0484375 0.0625
0 0.725 0.47265625 0.065625 0.06875
0 0.65625 0.4875 0.04375 0.0546875
0 0.60625 0.47734375 0.06875 0.06875
0 0.56640625 0.48984375 0.0421875 0.0640625
0 0.51953125 0.4796875 0.046875 0.059375
1 0.3046875 0.0171875 0.08125 0.034375
1 0.4171875 0.025 0.0875 0.05
0 0.5296875 0.0234375 0.0625 0.046875
0 0.2203125 0.01171875 0.05625 0.0234375
0 0.1015625 0.00625 0.053125 0.0125
0 0.77109375 0.0390625 0.065625 0.0328125