1 0.178125 0.30703125 0.1734375 0.1734375
1 0.7328125 0.36015625 0.146875 0.1640625
1 0.60546875 0.39609375 0.11328125 0.13046875
1 0.303125 0.31171875 0.11796875 0.1421875
1 0.09140625 0.3265625 0.0578125 0.07265625
1 0.7015625 0.3 0.11796875 0.10390625
1 0.96171875 0.33359375 0.06953125 0.22890625
1 0.178125 0.13046875 0.1734375 0.1734375
1 0.73203125 0.08046875 0.1484375 0.1609375
1 0.6046875 0.05390625 0.115625 0.1078125
1 0.303125 0.125 0.11796875 0.1421875
1 0.09140625 0.1109375 0.0578125 0.07265625
1 0.7015625 0.1375 0.11796875 0.10390625
1 0.9609375 0.109375 0.071875 0.21875