1 0.20390625 0.3296875 0.2125 0.2203125
1 0.59296875 0.196875 0.084375 0.1140625
1 0.35234375 0.2453125 0.071875 0.0828125
1 0.415625 0.23125 0.0484375 0.0671875
1 0.696875 0.190625 0.1078125 0.1421875
0 0.3140625 0.32578125 0.103125 0.1390625
0 0.39453125 0.33203125 0.0875 0.109375
0 0.465625 0.221875 0.040625 0.0484375
0 0.528125 0.2171875 0.0609375 0.0671875
0 0.7890625 0.19140625 0.2484375 0.2359375
1 0.16171875 0.146875 0.209375 0.1953125
1 0.565625 0.0796875 0.084375 0.1140625
1 0.328125 0.14296875 0.071875 0.0828125
1 0.39140625 0.128125 0.0484375 0.0671875
1 0.66171875 0.05546875 0.1078125 0.1109375
0 0.2625 0.096875 0.1015625 0.1234375
0 0.3328125 0.06171875 0.0828125 0.0828125
0 0.440625 0.1140625 0.040625 0.0484375
0 0.49921875 0.090625 0.0609375 0.0671875
0 0.746875 0.059375 0.24375 0.11875