1 0.25 0.2671875 0.17578125 0.18515625
1 0.65859375 0.22578125 0.0625 0.103125
1 0.41328125 0.21875 0.0578125 0.071875
1 0.478125 0.21875 0.0359375 0.06015625
1 0.76171875 0.24296875 0.08203125 0.12734375
0 0.3578125 0.28828125 0.0765625 0.125
0 0.43515625 0.3125 0.0671875 0.09609375
0 0.52890625 0.22109375 0.03125 0.04296875
0 0.59140625 0.23046875 0.0484375 0.0578125
0 0.85078125 0.2640625 0.209375 0.19453125
1 0.25 0.0796875 0.178125 0.15859375
1 0.65859375 0.10546875 0.0625 0.103125
1 0.41328125 0.11328125 0.0578125 0.071875
1 0.478125 0.11328125 0.0359375 0.06015625
1 0.76171875 0.0890625 0.08203125 0.12734375
0 0.359375 0.05390625 0.0796875 0.1078125
0 0.4359375 0.03515625 0.06953125 0.06953125
0 0.52890625 0.1109375 0.03125 0.04296875
0 0.59140625 0.10078125 0.0484375 0.0578125
0 0.85078125 0.0828125 0.21171875 0.165625