1 0.21015625 0.31953125 0.2078125 0.215625
1 0.603125 0.20078125 0.08125 0.1125
1 0.3609375 0.240625 0.0703125 0.08125
1 0.425 0.228125 0.046875 0.065625
1 0.7078125 0.19765625 0.1046875 0.140625
0 0.3203125 0.31953125 0.0984375 0.1375
0 0.40078125 0.328125 0.084375 0.1078125
0 0.475 0.2203125 0.0390625 0.0484375
0 0.53828125 0.21796875 0.0578125 0.065625
0 0.79921875 0.2015625 0.2421875 0.23125
1 0.17421875 0.13515625 0.2046875 0.1890625
1 0.58046875 0.0828125 0.08125 0.1125
1 0.34140625 0.13671875 0.0703125 0.08125
1 0.4046875 0.12421875 0.046875 0.065625
1 0.67734375 0.05859375 0.1046875 0.1171875
0 0.2765625 0.0890625 0.0984375 0.1203125
0 0.3484375 0.05625 0.08125 0.08125
0 0.45390625 0.1125 0.0390625 0.0484375
0 0.51328125 0.090625 0.0578125 0.065625
0 0.76484375 0.0625 0.2390625 0.125