1 0.79921875 0.22890625 0.1859375 0.1953125
0 0.06953125 0.3171875 0.0796875 0.1
0 0.6453125 0.26015625 0.078125 0.1
0 0.13046875 0.33125 0.103125 0.125
0 0.478125 0.27890625 0.121875 0.13125
0 0.41015625 0.27109375 0.0828125 0.1125
0 0.9140625 0.24140625 0.0640625 0.078125
0 0.6890625 0.25625 0.0453125 0.0796875
0 0.56640625 0.259375 0.06875 0.078125
1 0.7828125 0.07265625 0.1875 0.1453125
0 0.04921875 0.08828125 0.0796875 0.1
0 0.6265625 0.04765625 0.078125 0.0953125
0 0.10859375 0.07890625 0.103125 0.1
0 0.46015625 0.0609375 0.1234375 0.121875
0 0.39296875 0.075 0.0828125 0.1125
0 0.89453125 0.028125 0.0640625 0.05625
0 0.6703125 0.04140625 0.0453125 0.0796875
0 0.5484375 0.05859375 0.06875 0.078125