1 0.5625 0.5484375 0.0484375 0.0671875
1 0.13203125 0.56484375 0.040625 0.0484375
1 0.053125 0.540625 0.0359375 0.0359375
1 0.08203125 0.5625 0.0359375 0.0484375
1 0.22578125 0.5578125 0.03125 0.0453125
1 0.2765625 0.55078125 0.03359375 0.0484375
1 0.31484375 0.56953125 0.0453125 0.0578125
1 0.396875 0.5453125 0.0453125 0.05546875
1 0.51953125 0.56484375 0.0359375 0.05078125
1 0.49296875 0.55078125 0.03125 0.0453125
1 0.63671875 0.5484375 0.0359375 0.0453125
1 0.678125 0.5484375 0.03359375 0.05078125
1 0.71875 0.5625 0.040625 0.053125
0 0.93515625 0.5984375 0.06953125 0.06953125
1 0.80078125 0.54296875 0.0484375 0.053125
1 0.89921875 0.540625 0.03359375 0.0453125
1 0.96875 0.5484375 0.0484375 0.0578125