1 0.09609375 0.4796875 0.0390625 0.0515625
1 0.24921875 0.45859375 0.0828125 0.096875
1 0.36171875 0.44453125 0.0890625 0.0953125
0 0.4734375 0.4375 0.0625 0.071875
0 0.16171875 0.45546875 0.0546875 0.0625
0 0.04453125 0.46796875 0.0515625 0.06875
0 0.84296875 0.44921875 0.0484375 0.0625
0 0.71484375 0.4265625 0.065625 0.06875
0 0.65 0.45546875 0.04375 0.0546875
0 0.59921875 0.45546875 0.06875 0.06875
0 0.5625 0.47578125 0.0421875 0.0640625
0 0.51484375 0.4765625 0.046875 0.059375
1 0.05390625 0.06015625 0.0390625 0.034375
1 0.20546875 0.05546875 0.08125 0.0625
1 0.31953125 0.0453125 0.0875 0.065625
0 0.43046875 0.0265625 0.0625 0.05
0 0.121875 0.0640625 0.05625 0.0578125
0 0.01484375 0.0765625 0.0296875 0.059375
0 0.66875 0.0046875 0.065625 0.009375