1 0.8140625 0.2125 0.1015625 0.115625
1 0.51875 0.2421875 0.0984375 0.1046875
1 0.91875 0.18515625 0.065625 0.090625
1 0.771875 0.22578125 0.075 0.0921875
1 0.478125 0.4234375 0.1578125 0.1671875
1 0.196875 0.44140625 0.06875 0.0703125
1 0.5265625 0.3328125 0.0625 0.0703125
1 0.67109375 0.2453125 0.04375 0.0609375
1 0.77109375 0.025 0.1015625 0.05
1 0.4859375 0.0765625 0.0984375 0.1046875
1 0.878125 0.01171875 0.065625 0.0234375
1 0.7265625 0.02109375 0.075 0.0421875
1 0.4625 0.0125 0.05625 0.025
1 0.6265625 0.02265625 0.04375 0.0453125