1 0.86328125 0.278125 0.084375 0.1015625
1 0.5671875 0.25078125 0.08203125 0.09140625
1 0.97109375 0.27109375 0.05078125 0.08203125
1 0.81953125 0.2828125 0.06015625 0.08203125
1 0.49296875 0.4203125 0.13203125 0.14453125
1 0.2140625 0.384375 0.0578125 0.06015625
1 0.5578125 0.340625 0.05078125 0.0625
1 0.71640625 0.2828125 0.03359375 0.05546875
1 0.86328125 0.053125 0.084375 0.1015625
1 0.5671875 0.08203125 0.08203125 0.09140625
1 0.97109375 0.06015625 0.05078125 0.08203125
1 0.81953125 0.0484375 0.06015625 0.08203125
1 0.5578125 0.01171875 0.053125 0.0234375
1 0.71640625 0.0484375 0.03359375 0.05546875