1 0.02421875 0.4109375 0.0453125 0.115625
0 0.5046875 0.47578125 0.08203125 0.09609375
0 0.3609375 0.48828125 0.0765625 0.09609375
0 0.64921875 0.5 0.08203125 0.1109375
0 0.70703125 0.5171875 0.0578125 0.084375
0 0.540625 0.41328125 0.0578125 0.06953125
0 0.4328125 0.40859375 0.0578125 0.06953125
0 0.946875 0.43515625 0.0453125 0.06484375
0 0.8078125 0.42265625 0.05078125 0.06953125
0 0.79296875 0.38203125 0.0453125 0.0578125
0 0.35078125 0.4328125 0.0671875 0.06484375
0 0.8484375 0.446875 0.04296875 0.06953125
0 0.85546875 0.39375 0.0453125 0.053125
0 0.4640625 0.4515625 0.0453125 0.0671875
0 0.9234375 0.415625 0.03359375 0.053125
0 0.9859375 0.40390625 0.021875 0.0578125