1 0.146875 0.371875 0.203125 0.203125
1 0.7015625 0.31796875 0.175 0.1890625
1 0.58359375 0.378125 0.1359375 0.15
1 0.27109375 0.353125 0.1421875 0.1625
1 0.065625 0.4078125 0.0703125 0.0828125
1 0.659375 0.26484375 0.1359375 0.125
1 0.92109375 0.2484375 0.1125 0.2375
1 0.11328125 0.1984375 0.203125 0.203125
1 0.64765625 0.06796875 0.1765625 0.1359375
1 0.5171875 0.053125 0.134375 0.10625
1 0.23515625 0.16953125 0.1421875 0.1625
1 0.0296875 0.19609375 0.059375 0.0828125
1 0.62890625 0.10546875 0.1359375 0.125
1 0.878125 0.07109375 0.1125 0.1421875