1 0.821875 0.25625 0.1703125 0.18046875
0 0.08671875 0.28046875 0.071875 0.09375
0 0.665625 0.2734375 0.06953125 0.09375
0 0.146875 0.3 0.09375 0.11796875
0 0.49765625 0.278125 0.1109375 0.12265625
0 0.43046875 0.2640625 0.07421875 0.10625
0 0.93515625 0.278125 0.0578125 0.07265625
0 0.709375 0.2734375 0.03828125 0.07734375
0 0.58671875 0.26640625 0.0625 0.07265625
1 0.82109375 0.0828125 0.1734375 0.165625
0 0.08671875 0.05078125 0.071875 0.09375
0 0.665625 0.0578125 0.06953125 0.09375
0 0.146875 0.04609375 0.09609375 0.09140625
0 0.4984375 0.0578125 0.11328125 0.115625
0 0.43046875 0.0671875 0.07421875 0.10625
0 0.93515625 0.053125 0.0578125 0.07265625
0 0.709375 0.0578125 0.03828125 0.07734375
0 0.58671875 0.06484375 0.0625 0.07265625