1 0.553125 0.55859375 0.059375 0.075
1 0.1265625 0.5 0.0484375 0.0546875
1 0.053125 0.4625 0.0421875 0.0421875
1 0.07734375 0.4890625 0.04375 0.0546875
1 0.21953125 0.509375 0.0390625 0.05
1 0.27109375 0.5109375 0.0421875 0.053125
1 0.30546875 0.5359375 0.0546875 0.0640625
1 0.390625 0.5265625 0.0546875 0.0625
1 0.5078125 0.5671875 0.04375 0.05625
1 0.484375 0.5484375 0.0390625 0.05
1 0.6265625 0.57109375 0.04375 0.0515625
1 0.6671875 0.57890625 0.0421875 0.05625
1 0.7046875 0.59921875 0.05 0.059375
0 0.91171875 0.67265625 0.08125 0.08125
1 0.7890625 0.59453125 0.05625 0.0609375
1 0.8859375 0.609375 0.040625 0.05
1 0.953125 0.62890625 0.0578125 0.065625