1 0.81328125 0.2453125 0.1765625 0.1859375
0 0.0796875 0.2953125 0.075 0.096875
0 0.6578125 0.26796875 0.0734375 0.096875
0 0.13984375 0.3125 0.0984375 0.121875
0 0.48984375 0.278125 0.115625 0.1265625
0 0.42265625 0.26640625 0.078125 0.109375
0 0.92734375 0.26328125 0.0609375 0.075
0 0.7015625 0.26640625 0.040625 0.078125
0 0.578125 0.26328125 0.065625 0.075
1 0.80546875 0.07890625 0.1796875 0.1578125
0 0.07109375 0.065625 0.075 0.096875
0 0.65 0.05234375 0.0734375 0.096875
0 0.13125 0.05859375 0.1 0.0953125
0 0.48203125 0.05859375 0.1171875 0.1171875
0 0.415625 0.06953125 0.078125 0.109375
0 0.91953125 0.03828125 0.0609375 0.075
0 0.69375 0.05078125 0.040625 0.078125
0 0.57109375 0.06171875 0.065625 0.075