1 0.05 0.321875 0.0671875 0.121875
0 0.509375 0.47734375 0.0984375 0.109375
0 0.365625 0.46171875 0.09375 0.109375
0 0.64609375 0.528125 0.1015625 0.125
0 0.7 0.55625 0.0734375 0.09375
0 0.55625 0.42265625 0.0703125 0.0796875
0 0.4515625 0.39765625 0.0703125 0.0796875
0 0.95078125 0.521875 0.05625 0.071875
0 0.8171875 0.4828125 0.0625 0.078125
0 0.81015625 0.43984375 0.05625 0.065625
0 0.36640625 0.40546875 0.078125 0.0765625
0 0.85234375 0.5140625 0.0546875 0.0765625
0 0.86953125 0.46328125 0.0546875 0.0609375
0 0.47421875 0.4453125 0.0578125 0.075
0 0.93203125 0.49765625 0.04375 0.0578125
0 0.9890625 0.49765625 0.021875 0.0609375