1 0.02265625 0.42734375 0.0453125 0.1171875
0 0.50390625 0.47578125 0.0859375 0.0984375
0 0.3609375 0.49296875 0.0796875 0.0984375
0 0.64921875 0.49453125 0.0859375 0.1140625
0 0.7078125 0.51015625 0.0609375 0.0859375
0 0.5375 0.41171875 0.0609375 0.071875
0 0.4296875 0.4109375 0.0609375 0.071875
0 0.94453125 0.41953125 0.046875 0.065625
0 0.8046875 0.41171875 0.053125 0.071875
0 0.7890625 0.371875 0.046875 0.059375
0 0.3484375 0.43828125 0.06875 0.0671875
0 0.84609375 0.434375 0.0453125 0.0703125
0 0.8515625 0.38125 0.046875 0.0546875
0 0.4625 0.453125 0.046875 0.06875
0 0.9203125 0.40078125 0.0359375 0.0546875
0 0.98203125 0.38671875 0.0234375 0.0578125