1 0.57265625 0.53203125 0.0625 0.0765625
1 0.15859375 0.6515625 0.0515625 0.05625
1 0.0765625 0.64765625 0.04375 0.04375
1 0.109375 0.66171875 0.046875 0.05625
1 0.24765625 0.62265625 0.040625 0.0515625
1 0.2953125 0.603125 0.04375 0.0546875
1 0.3375 0.6125 0.0578125 0.0671875
1 0.4109375 0.56875 0.0578125 0.0640625
1 0.534375 0.5578125 0.046875 0.0578125
1 0.50546875 0.55078125 0.040625 0.0515625
1 0.64453125 0.5140625 0.0453125 0.053125
1 0.684375 0.50390625 0.0453125 0.0578125
1 0.72734375 0.5078125 0.0515625 0.0609375
0 0.94609375 0.490625 0.084375 0.084375
1 0.80234375 0.46875 0.059375 0.0625
1 0.896875 0.44296875 0.04375 0.0515625
1 0.96640625 0.43359375 0.0609375 0.0671875