1 0.10078125 0.4375 0.03359375 0.0484375
1 0.2546875 0.4328125 0.07421875 0.0890625
1 0.36796875 0.43046875 0.0796875 0.08671875
0 0.48046875 0.43515625 0.05546875 0.0671875
0 0.16796875 0.4203125 0.0484375 0.0578125
0 0.05078125 0.4203125 0.0453125 0.06484375
0 0.84609375 0.48515625 0.04296875 0.0578125
0 0.72109375 0.44921875 0.06015625 0.0625
0 0.65390625 0.47109375 0.03828125 0.05078125
0 0.603125 0.46640625 0.0625 0.0625
0 0.56484375 0.4828125 0.0359375 0.06015625
0 0.5171875 0.478125 0.040625 0.05546875
1 0.10234375 0.015625 0.0359375 0.03125
1 0.25390625 0.02734375 0.0765625 0.0546875
1 0.36796875 0.02890625 0.08203125 0.0578125
0 0.48046875 0.021875 0.0578125 0.04375
0 0.16953125 0.0265625 0.05078125 0.053125
0 0.05078125 0.02734375 0.0484375 0.0546875
0 0.72109375 0.01328125 0.0625 0.0265625