1 0.89375 0.3375 0.1 0.1140625
1 0.60546875 0.2640625 0.0953125 0.103125
1 0.984375 0.34765625 0.03125 0.0890625
1 0.84921875 0.33515625 0.071875 0.090625
1 0.50546875 0.4203125 0.153125 0.1640625
1 0.2359375 0.34140625 0.0671875 0.06875
1 0.58203125 0.3515625 0.059375 0.0703125
1 0.74765625 0.31953125 0.0421875 0.059375
1 0.92890625 0.115625 0.1 0.1140625
1 0.63203125 0.09765625 0.0953125 0.103125
1 0.8859375 0.10390625 0.071875 0.090625
1 0.63359375 0.0265625 0.05625 0.03125
1 0.784375 0.0875 0.0421875 0.059375