1 0.03203125 0.50703125 0.0640625 0.0859375
0 0.946875 0.4015625 0.1015625 0.128125
0 0.21953125 0.48828125 0.06875 0.078125
0 0.53828125 0.4125 0.05625 0.0765625
0 0.459375 0.4234375 0.0640625 0.0625
0 0.31171875 0.4453125 0.05625 0.0765625
0 0.13984375 0.465625 0.053125 0.0609375
1 0.2515625 0.43125 0.046875 0.0546875
0 0.24765625 0.45625 0.040625 0.0484375
0 0.38203125 0.42578125 0.0421875 0.0578125
0 0.4328125 0.41171875 0.04375 0.0625
0 0.60625 0.38359375 0.0546875 0.0625
0 0.4953125 0.39140625 0.0375 0.04375