1 0.9765625 0.3265625 0.046875 0.09375
1 0.5765625 0.77421875 0.159375 0.165625
1 0.71640625 0.28046875 0.1015625 0.1265625
1 0.91171875 0.3203125 0.0828125 0.0890625
1 0.509375 0.3015625 0.11875 0.134375
1 0.9125 0.43515625 0.1078125 0.109375
1 0.76484375 0.44609375 0.11875 0.134375
1 0.06171875 0.296875 0.08125 0.1390625
1 0.3328125 0.16328125 0.0609375 0.0671875
1 0.27265625 0.18359375 0.0625 0.078125
1 0.98984375 0.1890625 0.0203125 0.09375
1 0.546875 0.91875 0.159375 0.1625
1 0.7453125 0.12890625 0.1015625 0.1265625
1 0.9421875 0.16484375 0.0828125 0.0890625
1 0.5578125 0.05 0.115625 0.1
1 0.96484375 0.09453125 0.0703125 0.0390625
1 0.346875 0.09296875 0.0609375 0.0671875
1 0.2984375 0.0515625 0.0625 0.078125