1 0.96953125 0.28359375 0.0609375 0.0890625
1 0.6 0.76640625 0.1484375 0.1546875
1 0.69609375 0.2625 0.09375 0.121875
1 0.89453125 0.28515625 0.0765625 0.0828125
1 0.4921875 0.3015625 0.1109375 0.128125
1 0.9046875 0.39921875 0.1 0.103125
1 0.759375 0.4234375 0.1109375 0.128125
1 0.04609375 0.3359375 0.0703125 0.134375
1 0.3046875 0.1796875 0.05625 0.0625
1 0.24609375 0.2046875 0.0578125 0.075
1 0.9765625 0.14453125 0.046875 0.0890625
1 0.584375 0.91484375 0.1484375 0.1546875
1 0.7125 0.109375 0.09375 0.121875
1 0.91171875 0.12734375 0.0765625 0.0828125
1 0.51875 0.04609375 0.109375 0.0921875
1 0.9421875 0.0546875 0.0953125 0.03125
1 0.31171875 0.1078125 0.05625 0.0625
1 0.26015625 0.07109375 0.0578125 0.075