1 0.2671875 0.31484375 0.06484375 0.0890625
1 0.2140625 0.31484375 0.05546875 0.07265625
1 0.509375 0.33359375 0.06953125 0.08671875
1 0.7140625 0.31171875 0.0796875 0.1015625
1 0.41328125 0.31953125 0.06953125 0.09140625
1 0.36796875 0.32890625 0.0484375 0.08203125
1 0.2671875 0.03125 0.0671875 0.0625
1 0.21328125 0.02734375 0.0578125 0.0546875
1 0.509375 0.021875 0.071875 0.04375
1 0.71328125 0.0359375 0.0828125 0.071875
1 0.41328125 0.03046875 0.071875 0.06015625
1 0.36796875 0.02265625 0.0515625 0.0453125