1 0.9515625 0.2359375 0.0671875 0.08203125
1 0.62734375 0.7546875 0.134375 0.1421875
1 0.6703125 0.24296875 0.08203125 0.11328125
1 0.8703125 0.2453125 0.06953125 0.0765625
1 0.47109375 0.303125 0.0984375 0.11796875
1 0.8921875 0.3578125 0.09140625 0.09375
1 0.75 0.396875 0.0984375 0.11796875
1 0.03125 0.384375 0.0578125 0.1296875
1 0.271875 0.2015625 0.05078125 0.0578125
1 0.21640625 0.2328125 0.05078125 0.06953125
1 0.9515625 0.09609375 0.0671875 0.08203125
1 0.62734375 0.90390625 0.134375 0.1421875
1 0.6703125 0.0890625 0.08203125 0.11328125
1 0.8703125 0.08671875 0.06953125 0.0765625
1 0.47109375 0.04453125 0.10078125 0.0890625
1 0.89296875 0.0109375 0.09375 0.021875
1 0.271875 0.1296875 0.05078125 0.0578125
1 0.21640625 0.0984375 0.05078125 0.06953125