1 0.77890625 0.56484375 0.06484375 0.06953125
1 0.2015625 0.5046875 0.04296875 0.040625
1 0.42578125 0.49765625 0.053125 0.05546875
1 0.43984375 0.3984375 0.03125 0.0359375
1 0.39453125 0.41328125 0.03359375 0.03125
1 0.82421875 0.39609375 0.0453125 0.04609375
1 0.946875 0.49296875 0.040625 0.040625
1 0.97578125 0.415625 0.040625 0.053125
1 0.884375 0.4015625 0.02890625 0.04375
1 0.4390625 0.009375 0.034375 0.01875
1 0.82421875 0.01328125 0.0484375 0.0265625
1 0.97578125 0.00625 0.04296875 0.01171875
1 0.8859375 0.0109375 0.03125 0.021875