1 0.03125 0.490625 0.0625 0.084375
0 0.95 0.4171875 0.096875 0.1265625
0 0.2203125 0.47890625 0.0671875 0.0765625
0 0.54140625 0.4140625 0.0546875 0.075
0 0.4625 0.42265625 0.0625 0.0609375
0 0.3140625 0.43828125 0.0546875 0.075
0 0.14140625 0.453125 0.0515625 0.059375
1 0.25390625 0.42265625 0.0453125 0.053125
0 0.25 0.44765625 0.0390625 0.046875
0 0.38515625 0.421875 0.040625 0.0578125
0 0.4359375 0.409375 0.040625 0.0625
0 0.61015625 0.3875 0.053125 0.0609375
0 0.49921875 0.39140625 0.0359375 0.0421875