1 0.3796875 0.43984375 0.0578125 0.0671875
1 0.5 0.4375 0.05078125 0.06953125
1 0.23046875 0.4734375 0.05078125 0.06953125
1 0.93984375 0.47578125 0.0453125 0.06953125
0 0.83671875 0.46640625 0.053125 0.0625
0 0.146875 0.47109375 0.053125 0.06953125
0 0.65390625 0.44921875 0.04296875 0.0578125
1 0.31484375 0.45703125 0.0359375 0.05546875
0 0.53359375 0.4546875 0.03359375 0.053125
0 0.7328125 0.47109375 0.03359375 0.040625
0 0.4546875 0.46171875 0.02890625 0.04296875
0 0.6078125 0.4546875 0.03828125 0.03828125