1 0.11328125 0.3265625 0.03125 0.04609375
1 0.2953125 0.46640625 0.03125 0.03828125
1 0.4328125 0.340625 0.021875 0.04375
1 0.83203125 0.43515625 0.03359375 0.03359375
1 0.6515625 0.48515625 0.03359375 0.0359375
1 0.5765625 0.3796875 0.03359375 0.03359375
1 0.459375 0.3984375 0.03359375 0.0265625
1 0.49296875 0.3625 0.03359375 0.02890625
1 0.4953125 0.39140625 0.03359375 0.03828125
1 0.65625 0.690625 0.0265625 0.04609375
1 0.11328125 0.0046875 0.03359375 0.009375
1 0.65625 0.98203125 0.02890625 0.0265625