1 0.25 0.45390625 0.15859375 0.146875
1 0.61328125 0.73828125 0.17578125 0.17578125
1 0.7328125 0.42265625 0.16328125 0.15390625
1 0.85078125 0.28046875 0.15390625 0.18515625
1 0.63203125 0.57265625 0.146875 0.146875
1 0.946875 0.40390625 0.0984375 0.1734375
1 0.6875 0.321875 0.13203125 0.14453125
1 0.28359375 0.646875 0.1734375 0.1515625
1 0.94453125 0.646875 0.10546875 0.19296875
0 0.43515625 0.4828125 0.1390625 0.12734375
0 0.7671875 0.659375 0.1421875 0.15625
1 0.61328125 0.915625 0.178125 0.159375
1 0.85234375 0.07265625 0.15625 0.14453125
1 0.6875 0.0421875 0.134375 0.084375
1 0.28515625 0.9671875 0.17578125 0.05546875
1 0.94609375 0.9578125 0.1078125 0.075
0 0.7671875 0.96015625 0.14453125 0.06953125