1 0.93046875 0.76640625 0.084375 0.084375
1 0.6515625 0.63515625 0.0578125 0.06484375
1 0.97578125 0.71953125 0.04296875 0.08203125
1 0.54296875 0.60625 0.0453125 0.05546875
1 0.0171875 0.68828125 0.03125 0.0578125
1 0.125 0.66875 0.040625 0.0578125
1 0.21875 0.67109375 0.04296875 0.04609375
1 0.21875 0.2 0.03359375 0.0265625
1 0.2859375 0.35546875 0.03359375 0.03359375
1 0.4203125 0.61328125 0.040625 0.040625
1 0.5984375 0.70703125 0.053125 0.06953125
1 0.49296875 0.7 0.05078125 0.06484375
1 0.4375 0.70703125 0.0484375 0.0625
1 0.428125 0.68046875 0.0453125 0.0578125
1 0.3484375 0.66640625 0.0359375 0.04375
1 0.5046875 0.53359375 0.040625 0.03359375
1 0.46640625 0.50703125 0.02890625 0.0359375
1 0.3890625 0.51953125 0.03828125 0.04375
1 0.4375 0.44453125 0.02890625 0.04375
1 0.39453125 0.46171875 0.0265625 0.03359375
0 0.7953125 0.71171875 0.0578125 0.04609375
1 0.93046875 0.89609375 0.084375 0.084375
1 0.97578125 0.94453125 0.04296875 0.08203125
1 0.0171875 0.97109375 0.03359375 0.0484375
1 0.125 0.98046875 0.04296875 0.02890625
1 0.2203125 0.98203125 0.0453125 0.0265625
1 0.21875 0.1328125 0.03359375 0.0265625
1 0.5984375 0.95625 0.053125 0.06953125
1 0.49296875 0.9640625 0.05078125 0.06484375
1 0.4375 0.95625 0.0484375 0.0625
1 0.428125 0.975 0.0484375 0.040625
1 0.3484375 0.98515625 0.03828125 0.01953125
0 0.7953125 0.9515625 0.0578125 0.04609375