1 0.30703125 0.66640625 0.13125 0.134375
1 0.60859375 0.41484375 0.115625 0.1125
1 0.1515625 0.4140625 0.1234375 0.1
1 0.42421875 0.3765625 0.103125 0.1296875
1 0.16953125 0.49765625 0.15625 0.1375
1 0.33359375 0.21796875 0.0984375 0.0890625
0 0.24140625 0.34453125 0.09375 0.103125
0 0.49921875 0.66875 0.1421875 0.125
0 0.6765625 0.70078125 0.1078125 0.10625
0 0.72265625 0.4375 0.1328125 0.125
1 0.32421875 0.97421875 0.1296875 0.0515625
1 0.32890625 0.13125 0.0984375 0.0890625
0 0.225 0.0390625 0.0953125 0.0546875
0 0.51484375 0.96484375 0.1421875 0.0671875
0 0.6890625 0.93984375 0.109375 0.096875