1 0.24765625 0.4671875 0.165625 0.1546875
1 0.62578125 0.73203125 0.184375 0.184375
1 0.728125 0.4109375 0.171875 0.1625
1 0.8390625 0.2625 0.1640625 0.1921875
1 0.6359375 0.565625 0.1546875 0.1546875
1 0.94140625 0.38046875 0.1078125 0.178125
1 0.678125 0.3125 0.1390625 0.1515625
1 0.29140625 0.6578125 0.18125 0.1609375
1 0.946875 0.62265625 0.10625 0.1984375
0 0.434375 0.4859375 0.1453125 0.134375
0 0.775 0.6453125 0.15 0.1640625
1 0.63515625 0.909375 0.1859375 0.16875
1 0.82890625 0.065625 0.1640625 0.13125
1 0.66328125 0.0390625 0.1390625 0.078125
1 0.309375 0.97265625 0.178125 0.0546875
1 0.95703125 0.9328125 0.0859375 0.08125
0 0.790625 0.9453125 0.1484375 0.0765625