1 0.75703125 0.4375 0.0609375 0.08125
1 0.60625 0.45546875 0.0609375 0.078125
1 0.51484375 0.425 0.0734375 0.103125
1 0.85 0.39609375 0.1328125 0.1625
1 0.33828125 0.4140625 0.0875 0.1140625
1 0.584375 0.4296875 0.040625 0.059375
1 0.975 0.3921875 0.0375 0.1140625
1 0.74296875 0.009375 0.0609375 0.01875
1 0.50078125 0.03046875 0.0734375 0.0609375
1 0.83671875 0.04765625 0.1328125 0.0953125
1 0.325 0.04609375 0.090625 0.084375
1 0.56953125 0.0140625 0.0421875 0.028125
1 0.96171875 0.0328125 0.0390625 0.065625