1 0.759375 0.446875 0.0578125 0.0796875
1 0.6078125 0.459375 0.0578125 0.0765625
1 0.5171875 0.42578125 0.06953125 0.10078125
1 0.853125 0.40859375 0.12734375 0.15859375
1 0.34140625 0.40859375 0.084375 0.1109375
1 0.58671875 0.4328125 0.03828125 0.0578125
1 0.978125 0.40859375 0.03359375 0.11328125
1 0.7609375 0.01328125 0.06015625 0.0265625
1 0.5171875 0.0296875 0.071875 0.059375
1 0.853125 0.053125 0.1296875 0.10546875
1 0.340625 0.040625 0.0875 0.08125
1 0.5875 0.015625 0.040625 0.03125
1 0.97890625 0.040625 0.0359375 0.08125