1 0.27890625 0.6265625 0.1421875 0.14375
1 0.6234375 0.43671875 0.125 0.1203125
1 0.17421875 0.34921875 0.1296875 0.109375
1 0.44921875 0.3640625 0.1125 0.1375
1 0.1765625 0.43515625 0.165625 0.15
1 0.390625 0.19140625 0.1046875 0.096875
0 0.27578125 0.2984375 0.1015625 0.109375
0 0.4671875 0.665625 0.1515625 0.1359375
0 0.63515625 0.73046875 0.115625 0.115625
0 0.73046875 0.48125 0.1421875 0.134375
1 0.2359375 0.9359375 0.1328125 0.0703125
1 0.40234375 0.10546875 0.1046875 0.096875
0 0.31796875 0.0125 0.0984375 0.025
0 0.42578125 0.959375 0.1453125 0.0796875
0 0.60078125 0.9578125 0.1171875 0.084375