1 0.2984375 0.65625 0.125 0.12734375
1 0.61328125 0.4203125 0.1109375 0.10625
1 0.15625 0.39609375 0.11796875 0.09375
1 0.43046875 0.37265625 0.09609375 0.125
1 0.1703125 0.48046875 0.14921875 0.13046875
1 0.3484375 0.209375 0.09375 0.084375
0 0.25 0.33125 0.0890625 0.0984375
0 0.490625 0.66875 0.13671875 0.11796875
0 0.665625 0.709375 0.103125 0.1015625
0 0.72578125 0.44921875 0.12734375 0.11796875
1 0.29921875 0.96875 0.12734375 0.053125
1 0.3484375 0.12265625 0.09375 0.084375
0 0.24921875 0.025 0.0921875 0.05
0 0.490625 0.96484375 0.1390625 0.06015625
0 0.665625 0.94921875 0.10546875 0.09140625