1 0.24609375 0.4890625 0.178125 0.1671875
1 0.6453125 0.7203125 0.1984375 0.1984375
1 0.71953125 0.390625 0.1828125 0.175
1 0.8171875 0.23359375 0.178125 0.2046875
1 0.640625 0.55390625 0.165625 0.165625
1 0.92890625 0.34296875 0.121875 0.1859375
1 0.6609375 0.29765625 0.1515625 0.1609375
1 0.30625 0.67578125 0.1921875 0.175
1 0.94765625 0.5828125 0.1046875 0.20625
0 0.43359375 0.4921875 0.1546875 0.1453125
0 0.78671875 0.6203125 0.1625 0.175
1 0.6703125 0.89609375 0.1984375 0.1828125
1 0.7890625 0.05546875 0.175 0.1109375
1 0.62109375 0.03515625 0.1453125 0.0703125
1 0.3515625 0.97578125 0.18125 0.0484375
1 0.9734375 0.89140625 0.053125 0.0890625
0 0.82890625 0.91875 0.153125 0.0890625