1 0.38203125 0.43984375 0.0578125 0.06953125
1 0.2328125 0.47109375 0.05078125 0.06484375
1 0.94453125 0.4734375 0.0453125 0.06484375
1 0.5 0.43515625 0.0453125 0.06953125
0 0.8390625 0.46640625 0.05546875 0.0625
0 0.14921875 0.47578125 0.05078125 0.0671875
0 0.65859375 0.446875 0.0453125 0.06015625
1 0.3171875 0.459375 0.03828125 0.06015625
0 0.45703125 0.459375 0.03359375 0.040625
0 0.428125 0.459375 0.02421875 0.0359375
0 0.540625 0.4515625 0.03359375 0.05546875
0 0.61796875 0.459375 0.03828125 0.0453125
0 0.56953125 0.46171875 0.03125 0.03828125
0 0.73828125 0.46640625 0.03125 0.04296875
0 0.71875 0.46640625 0.02890625 0.03359375
0 0.759375 0.4640625 0.02421875 0.03359375