1 0.90546875 0.803125 0.0921875 0.0921875
1 0.6390625 0.64765625 0.0625 0.0703125
1 0.9546875 0.76015625 0.05 0.0859375
1 0.53359375 0.609375 0.05 0.059375
1 0.01015625 0.64453125 0.0203125 0.0609375
1 0.11171875 0.63515625 0.0453125 0.0609375
1 0.2046875 0.64609375 0.046875 0.05
1 0.24609375 0.1765625 0.0359375 0.0296875
1 0.29921875 0.3375 0.0359375 0.0359375
1 0.4109375 0.60625 0.04375 0.04375
1 0.5796875 0.71484375 0.059375 0.0734375
1 0.47578125 0.6984375 0.05625 0.06875
1 0.41953125 0.70078125 0.053125 0.0671875
1 0.4125 0.6734375 0.05 0.0609375
1 0.334375 0.65234375 0.0390625 0.046875
1 0.5015625 0.53359375 0.04375 0.0375
1 0.465625 0.50390625 0.03125 0.0390625
1 0.3875 0.51015625 0.0421875 0.046875
1 0.4421875 0.4390625 0.0328125 0.046875
1 0.3984375 0.45234375 0.0296875 0.0359375
0 0.77578125 0.73671875 0.0609375 0.0515625
1 0.89453125 0.93203125 0.0921875 0.0921875
1 0.934375 0.9703125 0.05 0.059375
1 0.084375 0.94609375 0.0453125 0.0328125
1 0.1796875 0.95546875 0.046875 0.0296875
1 0.2515625 0.109375 0.0359375 0.0296875
1 0.55859375 0.96328125 0.059375 0.0734375
1 0.45234375 0.96171875 0.05625 0.06875
1 0.39765625 0.94921875 0.053125 0.0671875
1 0.38671875 0.9671875 0.0515625 0.0453125
1 0.30703125 0.9703125 0.0390625 0.0234375
0 0.75390625 0.975 0.0609375 0.05