1 0.371875 0.46796875 0.071875 0.08125
1 0.2328125 0.53203125 0.0640625 0.075
1 0.92734375 0.37421875 0.059375 0.0734375
1 0.48515625 0.43671875 0.059375 0.078125
0 0.82265625 0.390625 0.06875 0.0734375
0 0.153125 0.55546875 0.0640625 0.0765625
0 0.64296875 0.4125 0.0578125 0.06875
1 0.3125 0.5015625 0.0515625 0.0671875
0 0.44921875 0.4703125 0.0421875 0.046875
0 0.42109375 0.4765625 0.03125 0.040625
0 0.52890625 0.44375 0.0453125 0.0609375
0 0.60546875 0.43359375 0.046875 0.053125
0 0.559375 0.446875 0.0390625 0.04375
0 0.725 0.41328125 0.040625 0.0484375
0 0.70546875 0.41796875 0.0359375 0.0390625
0 0.74453125 0.40625 0.03125 0.0375