1 0.60859375 0.24921875 0.0765625 0.0875
1 0.55390625 0.31875 0.078125 0.1140625
1 0.8078125 0.3765625 0.1359375 0.159375
1 0.3875 0.28828125 0.08125 0.1140625
1 0.690625 0.225 0.0765625 0.0828125
1 0.49296875 0.26171875 0.065625 0.0765625
1 0.690625 0.3 0.0859375 0.11875
1 0.88515625 0.2421875 0.0953125 0.1078125
1 0.19765625 0.47109375 0.153125 0.171875
1 0.2578125 0.35234375 0.0890625 0.109375
1 0.75390625 0.2828125 0.078125 0.109375
1 0.0875 0.36484375 0.103125 0.1203125
1 0.54453125 0.240625 0.0625 0.078125
1 0.08046875 0.46953125 0.14375 0.16875
1 0.62421875 0.34921875 0.1046875 0.134375
1 0.33359375 0.38671875 0.115625 0.1390625
1 0.4515625 0.359375 0.115625 0.1625
1 0.95859375 0.3390625 0.0625 0.140625
1 0.325 0.2640625 0.0515625 0.075
1 0.22421875 0.29296875 0.065625 0.0671875
1 0.5953125 0.10078125 0.0765625 0.0875
1 0.53046875 0.04921875 0.0796875 0.0984375
1 0.7734375 0.0109375 0.128125 0.021875
1 0.37109375 0.10078125 0.08125 0.1140625
1 0.68046875 0.11015625 0.0765625 0.0828125
1 0.4796875 0.1078125 0.065625 0.0765625
1 0.66796875 0.0484375 0.0890625 0.096875
1 0.86953125 0.06015625 0.0953125 0.1078125
1 0.23203125 0.0671875 0.090625 0.096875
1 0.7328125 0.0484375 0.078125 0.096875
1 0.06328125 0.0859375 0.1046875 0.10625
1 0.534375 0.1203125 0.0625 0.078125
1 0.59609375 0.034375 0.1015625 0.06875
1 0.30546875 0.0484375 0.1125 0.0734375
1 0.425 0.0515625 0.1125 0.103125
1 0.92734375 0.0109375 0.0578125 0.021875
1 0.31328125 0.13515625 0.0515625 0.075
1 0.209375 0.125 0.065625 0.0671875