1 0.6296875 0.259375 0.06953125 0.08203125
1 0.56953125 0.32421875 0.06953125 0.1078125
1 0.8171875 0.40390625 0.12265625 0.14921875
1 0.40625 0.27890625 0.071875 0.1078125
1 0.7140625 0.24296875 0.06953125 0.0765625
1 0.5140625 0.26171875 0.06015625 0.071875
1 0.70703125 0.3171875 0.0765625 0.11328125
1 0.90625 0.2765625 0.08671875 0.10078125
1 0.2015625 0.44453125 0.1390625 0.1609375
1 0.271875 0.33203125 0.0796875 0.103125
1 0.771875 0.30546875 0.06953125 0.103125
1 0.10078125 0.3296875 0.09375 0.11328125
1 0.5671875 0.2453125 0.05546875 0.07421875
1 0.084375 0.4328125 0.1296875 0.15859375
1 0.63671875 0.3609375 0.09375 0.12734375
1 0.34375 0.37265625 0.10546875 0.1296875
1 0.4640625 0.35546875 0.103125 0.15390625
1 0.97109375 0.3796875 0.05078125 0.13671875
1 0.34609375 0.25 0.0453125 0.071875
1 0.24296875 0.26953125 0.06015625 0.0625
1 0.6296875 0.1109375 0.06953125 0.08203125
1 0.56953125 0.05078125 0.071875 0.10078125
1 0.8171875 0.021875 0.125 0.04296875
1 0.40625 0.09140625 0.071875 0.1078125
1 0.7140625 0.12734375 0.06953125 0.0765625
1 0.5140625 0.1078125 0.06015625 0.071875
1 0.7078125 0.05546875 0.0796875 0.1109375
1 0.90625 0.09375 0.08671875 0.10078125
1 0.27109375 0.0453125 0.0828125 0.090625
1 0.771875 0.06484375 0.06953125 0.103125
1 0.10078125 0.04921875 0.09609375 0.0984375
1 0.5671875 0.125 0.05546875 0.07421875
1 0.63671875 0.0375 0.09609375 0.07421875
1 0.3453125 0.0328125 0.1078125 0.06484375
1 0.4640625 0.046875 0.10546875 0.09375
1 0.9703125 0.0296875 0.053125 0.059375
1 0.34609375 0.1203125 0.0453125 0.071875
1 0.24296875 0.10078125 0.06015625 0.0625