1 0.871875 0.84375 0.0984375 0.0984375
1 0.62265625 0.66171875 0.06875 0.075
1 0.925 0.80625 0.0578125 0.0890625
1 0.521875 0.6125 0.0546875 0.0625
1 0.00546875 0.5921875 0.0109375 0.0625
1 0.1 0.59375 0.0515625 0.0640625
1 0.19140625 0.6140625 0.0515625 0.053125
1 0.28125 0.1515625 0.0375 0.0328125
1 0.3171875 0.3171875 0.0390625 0.0390625
1 0.4 0.59609375 0.046875 0.046875
1 0.55703125 0.721875 0.065625 0.078125
1 0.4546875 0.6953125 0.0625 0.0734375
1 0.39921875 0.69140625 0.059375 0.0703125
1 0.3953125 0.66328125 0.05625 0.065625
1 0.31953125 0.634375 0.04375 0.05
1 0.4984375 0.53359375 0.046875 0.040625
1 0.465625 0.50078125 0.0359375 0.040625
1 0.3875 0.49765625 0.0453125 0.05
1 0.44921875 0.43359375 0.0375 0.0484375
1 0.40390625 0.4421875 0.0328125 0.0375
0 0.74921875 0.7640625 0.065625 0.05625
1 0.84609375 0.9609375 0.0984375 0.078125
1 0.03984375 0.9 0.0484375 0.0359375
1 0.13359375 0.91953125 0.05 0.034375
1 0.29375 0.0859375 0.0375 0.0328125
1 0.509375 0.96328125 0.065625 0.0734375
1 0.4046875 0.95390625 0.0625 0.0734375
1 0.3515625 0.9359375 0.059375 0.0703125
1 0.3390625 0.95234375 0.0546875 0.0484375
1 0.25859375 0.94765625 0.040625 0.0265625
0 0.703125 0.9859375 0.065625 0.028125