1 0.6171875 0.253125 0.0734375 0.0859375
1 0.56015625 0.32109375 0.075 0.1109375
1 0.81171875 0.3875 0.1296875 0.1546875
1 0.39453125 0.284375 0.078125 0.1109375
1 0.7 0.23203125 0.0734375 0.0796875
1 0.5015625 0.2609375 0.0640625 0.075
1 0.696875 0.30625 0.0828125 0.1171875
1 0.89375 0.25546875 0.0921875 0.1046875
1 0.19921875 0.46015625 0.146875 0.16875
1 0.26328125 0.34453125 0.084375 0.1078125
1 0.7609375 0.29140625 0.075 0.10625
1 0.0921875 0.35078125 0.1 0.11875
1 0.55390625 0.2421875 0.059375 0.0765625
1 0.08125 0.4546875 0.1375 0.165625
1 0.62890625 0.35390625 0.1 0.1328125
1 0.3375 0.38125 0.1125 0.134375
1 0.45625 0.3578125 0.1109375 0.159375
1 0.9640625 0.35546875 0.0578125 0.1390625
1 0.33359375 0.25859375 0.0484375 0.0734375
1 0.23125 0.28359375 0.0640625 0.065625
1 0.609375 0.1046875 0.0734375 0.0859375
1 0.54609375 0.05 0.0765625 0.1
1 0.79140625 0.015625 0.1265625 0.03125
1 0.38515625 0.096875 0.078125 0.1109375
1 0.69453125 0.11640625 0.0734375 0.0796875
1 0.49375 0.1078125 0.0640625 0.075
1 0.68359375 0.0515625 0.0859375 0.103125
1 0.884375 0.07265625 0.0921875 0.1046875
1 0.24765625 0.0578125 0.0875 0.0953125
1 0.7484375 0.05234375 0.075 0.1046875
1 0.078125 0.07109375 0.1015625 0.103125
1 0.54765625 0.121875 0.059375 0.0765625
1 0.6125 0.03515625 0.1 0.0703125
1 0.32109375 0.04140625 0.1109375 0.0703125
1 0.440625 0.04921875 0.1109375 0.0984375
1 0.9453125 0.01796875 0.05625 0.0359375
1 0.3265625 0.12890625 0.0484375 0.0734375
1 0.22265625 0.11484375 0.0640625 0.065625