1 0.3828125 0.4375 0.059375 0.0703125
1 0.23359375 0.46640625 0.0515625 0.065625
1 0.9453125 0.48125 0.046875 0.065625
1 0.50078125 0.43515625 0.046875 0.0703125
0 0.83984375 0.47265625 0.05625 0.0640625
0 0.15 0.46953125 0.0515625 0.06875
0 0.659375 0.45 0.046875 0.0609375
1 0.31796875 0.45625 0.0390625 0.0609375
0 0.4578125 0.45859375 0.034375 0.040625
0 0.42890625 0.4578125 0.025 0.0359375
0 0.54140625 0.45234375 0.034375 0.05625
0 0.61875 0.46171875 0.0390625 0.0453125
0 0.5703125 0.46328125 0.03125 0.0390625
0 0.7390625 0.4703125 0.03125 0.04375
0 0.71953125 0.4703125 0.0296875 0.034375
0 0.76015625 0.46875 0.025 0.034375