1 0.12734375 0.365625 0.0765625 0.103125
1 0.321875 0.3265625 0.1203125 0.1703125
1 0.77890625 0.3796875 0.0984375 0.1296875
1 0.93515625 0.3578125 0.084375 0.1296875
1 0.03359375 0.3796875 0.0625 0.1390625
1 0.5359375 0.39921875 0.10078125 0.13671875
1 0.634375 0.39921875 0.10546875 0.13203125
1 0.2453125 0.34140625 0.0765625 0.12734375
1 0.68515625 0.3484375 0.05078125 0.06484375
1 0.32265625 0.0453125 0.1234375 0.090625
1 0.93515625 0.0203125 0.08671875 0.040625
1 0.24609375 0.02734375 0.0796875 0.0546875
1 0.68515625 0.00859375 0.053125 0.0171875