0 0.28359375 0.34375 0.1296875 0.1828125
0 0.73828125 0.4375 0.1296875 0.1734375
0 0.46875 0.39609375 0.11796875 0.15390625
0 0.8484375 0.340625 0.12734375 0.16875
0 0.72578125 0.3484375 0.103125 0.1015625
0 0.165625 0.36015625 0.103125 0.1203125
0 0.06015625 0.33359375 0.11796875 0.16640625
0 0.6515625 0.3984375 0.07421875 0.1328125
0 0.9515625 0.3359375 0.08671875 0.17578125
0 0.5265625 0.37265625 0.0625 0.1421875
0 0.3484375 0.3796875 0.0671875 0.15390625
0 0.28515625 0.07734375 0.13203125 0.15390625
0 0.73828125 0.02734375 0.1328125 0.0546875
0 0.46875 0.04375 0.1203125 0.08671875
0 0.8484375 0.075 0.1296875 0.14921875
0 0.72578125 0.05546875 0.103125 0.1015625
0 0.165625 0.053125 0.10546875 0.10625
0 0.06015625 0.07734375 0.1203125 0.15390625
0 0.65078125 0.0359375 0.0765625 0.071875
0 0.953125 0.078125 0.0890625 0.15625
0 0.5265625 0.0515625 0.065625 0.103125
0 0.34921875 0.0515625 0.0703125 0.103125