1 0.0765625 0.4515625 0.0171875 0.01953125
1 0.446875 0.43515625 0.01953125 0.0171875
1 0.51171875 0.49765625 0.02421875 0.021875
1 0.81015625 0.51171875 0.02890625 0.0359375
1 0.9328125 0.51953125 0.0359375 0.03359375
1 0.67578125 0.446875 0.0140625 0.0140625
1 0.66328125 0.43984375 0.0140625 0.0140625
1 0.25234375 0.40390625 0.009375 0.0140625
1 0.23828125 0.4109375 0.009375 0.01171875
1 0.0765625 0.125 0.0171875 0.01953125
1 0.0765625 0.96171875 0.0171875 0.01953125
1 0.446875 0.1421875 0.01953125 0.0171875
1 0.446875 0.978125 0.01953125 0.0171875
1 0.51171875 0.0796875 0.02421875 0.021875
1 0.51171875 0.915625 0.02421875 0.021875
1 0.81015625 0.06484375 0.02890625 0.0359375
1 0.81015625 0.9015625 0.02890625 0.0359375
1 0.9328125 0.0578125 0.0359375 0.03359375
1 0.9328125 0.89453125 0.0359375 0.03359375
1 0.67578125 0.1296875 0.0140625 0.0140625
1 0.67578125 0.96640625 0.0140625 0.0140625
1 0.66328125 0.13671875 0.0140625 0.0140625
1 0.66328125 0.9734375 0.0140625 0.0140625
1 0.25234375 0.1734375 0.009375 0.0140625
1 0.23828125 0.165625 0.009375 0.01171875
1 0.2390625 0.99609375 0.01171875 0.00234375