1 0.08359375 0.4078125 0.01875 0.021875
1 0.45390625 0.4296875 0.021875 0.01875
1 0.51171875 0.49921875 0.0265625 0.025
1 0.80703125 0.54375 0.0328125 0.0390625
1 0.928125 0.56484375 0.0390625 0.0375
1 0.68046875 0.465625 0.015625 0.015625
1 0.66875 0.45703125 0.015625 0.015625
1 0.2640625 0.37890625 0.0109375 0.015625
1 0.24921875 0.384375 0.0109375 0.0125
1 0.11796875 0.0828125 0.01875 0.021875
1 0.03046875 0.91484375 0.01875 0.021875
1 0.484375 0.13828125 0.021875 0.01875
1 0.396875 0.9703125 0.021875 0.01875
1 0.55546875 0.08359375 0.0265625 0.025
1 0.46796875 0.91484375 0.0265625 0.025
1 0.85390625 0.1 0.0328125 0.0390625
1 0.76640625 0.93203125 0.0328125 0.0390625
1 0.9765625 0.10546875 0.0390625 0.0375
1 0.8890625 0.9375 0.0390625 0.0375
1 0.71328125 0.15 0.015625 0.015625
1 0.62578125 0.98203125 0.015625 0.015625
1 0.7 0.15546875 0.015625 0.015625
1 0.61328125 0.98828125 0.015625 0.015625
1 0.2875 0.14921875 0.0109375 0.015625
1 0.275 0.13984375 0.0109375 0.0125
1 0.18828125 0.96640625 0.0125 0.003125