0 0.278125 0.3515625 0.1359375 0.1875
0 0.7359375 0.42890625 0.1359375 0.178125
0 0.46484375 0.396875 0.1234375 0.1578125
0 0.84296875 0.32890625 0.1328125 0.1734375
0 0.7203125 0.340625 0.10625 0.1046875
0 0.1609375 0.371875 0.1078125 0.1234375
0 0.0578125 0.34921875 0.115625 0.1703125
0 0.64765625 0.39296875 0.078125 0.1359375
0 0.9453125 0.3203125 0.0921875 0.178125
0 0.521875 0.371875 0.0671875 0.14375
0 0.34453125 0.38515625 0.071875 0.15625
0 0.2703125 0.08515625 0.1375 0.1578125
0 0.721875 0.02421875 0.134375 0.0484375
0 0.453125 0.0453125 0.1234375 0.090625
0 0.8328125 0.06953125 0.134375 0.1390625
0 0.709375 0.05 0.10625 0.1
0 0.15 0.06484375 0.109375 0.109375
0 0.05390625 0.09296875 0.1078125 0.1578125
0 0.63359375 0.034375 0.0796875 0.06875
0 0.9375 0.07109375 0.09375 0.1421875
0 0.5109375 0.0515625 0.06875 0.103125
0 0.33359375 0.05703125 0.0734375 0.10625