0 0.2578125 0.38828125 0.1625 0.2046875
0 0.721875 0.39296875 0.1609375 0.1953125
0 0.44921875 0.40390625 0.1453125 0.1734375
0 0.81171875 0.27734375 0.1578125 0.190625
0 0.69296875 0.3078125 0.1203125 0.11875
0 0.1453125 0.4265625 0.1234375 0.1375
0 0.0546875 0.41953125 0.109375 0.1859375
0 0.6296875 0.37109375 0.0984375 0.1453125
0 0.91171875 0.253125 0.11875 0.1890625
0 0.5015625 0.3703125 0.0890625 0.1515625
0 0.328125 0.4109375 0.0953125 0.1640625
0 0.20859375 0.12578125 0.159375 0.1765625
0 0.64375 0.01484375 0.140625 0.0296875
0 0.38203125 0.0578125 0.134375 0.1078125
0 0.7609375 0.05078125 0.15625 0.1015625
0 0.63671875 0.03984375 0.1203125 0.0796875
0 0.08671875 0.125 0.1234375 0.125
0 0.03046875 0.16796875 0.0609375 0.1734375
0 0.55859375 0.02890625 0.0890625 0.0578125
0 0.86328125 0.0421875 0.1171875 0.084375
0 0.440625 0.05546875 0.084375 0.1109375
0 0.26640625 0.08828125 0.0890625 0.1140625