1 0.7046875 0.30703125 0.0890625 0.125
1 0.4203125 0.32890625 0.10078125 0.11796875
1 0.584375 0.3578125 0.10078125 0.12734375
1 0.3265625 0.36484375 0.10078125 0.1203125
1 0.21171875 0.3046875 0.1078125 0.12265625
1 0.84609375 0.340625 0.10078125 0.125
1 0.7046875 0.04453125 0.09140625 0.0890625
1 0.421875 0.03125 0.103125 0.0625
1 0.58515625 0.01953125 0.103125 0.03828125
1 0.328125 0.01484375 0.103125 0.02890625
1 0.21171875 0.04453125 0.1109375 0.0890625
1 0.846875 0.02734375 0.103125 0.0546875