1 0.075 0.46640625 0.0171875 0.0203125
1 0.44453125 0.43671875 0.0203125 0.0171875
1 0.51171875 0.496875 0.025 0.0234375
1 0.81015625 0.50078125 0.0296875 0.0375
1 0.93359375 0.5046875 0.0375 0.034375
1 0.6734375 0.440625 0.0140625 0.0140625
1 0.6609375 0.434375 0.0140625 0.0140625
1 0.24921875 0.4125 0.009375 0.0140625
1 0.23515625 0.4203125 0.009375 0.0125
1 0.0640625 0.13984375 0.0171875 0.0203125
1 0.09296875 0.9765625 0.0171875 0.0203125
1 0.434375 0.14453125 0.0203125 0.0171875
1 0.46328125 0.9796875 0.0203125 0.0171875
1 0.496875 0.0796875 0.025 0.0234375
1 0.5265625 0.91484375 0.025 0.0234375
1 0.79453125 0.05390625 0.0296875 0.0375
1 0.82421875 0.890625 0.0296875 0.0375
1 0.9171875 0.04296875 0.0375 0.034375
1 0.94609375 0.87890625 0.0375 0.034375
1 0.6625 0.1234375 0.0140625 0.0140625
1 0.6921875 0.96015625 0.0140625 0.0140625
1 0.65078125 0.13125 0.0140625 0.0140625
1 0.6796875 0.9671875 0.0140625 0.0140625
1 0.24140625 0.18203125 0.009375 0.0140625
1 0.2265625 0.175 0.009375 0.0125