1 0.153125 0.30859375 0.0921875 0.1140625
1 0.3515625 0.30078125 0.1453125 0.1875
1 0.79453125 0.425 0.1171875 0.14375
1 0.95 0.4265625 0.1 0.140625
1 0.0578125 0.30859375 0.0828125 0.146875
1 0.5515625 0.40625 0.1203125 0.1515625
1 0.6484375 0.42109375 0.125 0.146875
1 0.2734375 0.30390625 0.0953125 0.1375
1 0.70625 0.37890625 0.0609375 0.071875
1 0.39609375 0.0390625 0.1359375 0.078125
1 0.97890625 0.09375 0.0421875 0.053125
1 0.3234375 0.01328125 0.0875 0.0265625
1 0.759375 0.04375 0.0546875 0.025