1 0.146875 0.32109375 0.0890625 0.1109375
1 0.34453125 0.30625 0.140625 0.184375
1 0.79140625 0.41484375 0.1140625 0.140625
1 0.94921875 0.41171875 0.1 0.1390625
1 0.0515625 0.3234375 0.0796875 0.1453125
1 0.54765625 0.4046875 0.1171875 0.1484375
1 0.6453125 0.41640625 0.1203125 0.14375
1 0.26640625 0.31171875 0.0921875 0.1359375
1 0.70234375 0.371875 0.0578125 0.0703125
1 0.37890625 0.03984375 0.1328125 0.0796875
1 0.97265625 0.07578125 0.0546875 0.0515625
1 0.30546875 0.015625 0.0859375 0.03125
1 0.74375 0.03515625 0.0546875 0.0234375