0 0.0625 0.4421875 0.1109375 0.11796875
0 0.63203125 0.3890625 0.05078125 0.05546875
0 0.2046875 0.375 0.05078125 0.0625
0 0.6734375 0.384375 0.03828125 0.03828125
0 0.0796875 0.3921875 0.0765625 0.0796875
0 0.1703125 0.384375 0.053125 0.06484375
0 0.946875 0.4734375 0.0796875 0.09375
0 0.3390625 0.35546875 0.03125 0.040625
0 0.4421875 0.36328125 0.0359375 0.0453125
0 0.5171875 0.3703125 0.0359375 0.0484375
0 0.803125 0.4234375 0.06953125 0.08203125
0 0.06328125 0.05859375 0.1140625 0.1171875
0 0.63203125 0.1109375 0.05078125 0.05546875
0 0.2046875 0.125 0.05078125 0.0625
0 0.6734375 0.115625 0.03828125 0.03828125
0 0.0796875 0.1078125 0.0765625 0.0796875
0 0.1703125 0.115625 0.053125 0.06484375
0 0.946875 0.0375 0.08203125 0.07421875
0 0.946875 0.98828125 0.08203125 0.01953125
0 0.3390625 0.14453125 0.03125 0.040625
0 0.4421875 0.13671875 0.0359375 0.0453125
0 0.5171875 0.1296875 0.0359375 0.0484375
0 0.803125 0.0765625 0.06953125 0.08203125