1 0.3921875 0.59609375 0.065625 0.0671875
1 0.9171875 0.55078125 0.0703125 0.0671875
1 0.13359375 0.61171875 0.0734375 0.059375
1 0.72421875 0.57890625 0.065625 0.0671875
1 0.859375 0.58203125 0.090625 0.0828125
1 0.2859375 0.63984375 0.0625 0.0609375
1 0.79375 0.60234375 0.0375 0.053125
1 0.7703125 0.5203125 0.0375 0.04375
1 0.69140625 0.53671875 0.040625 0.034375
1 0.42578125 0.97421875 0.0671875 0.0515625
1 0.95 0.93125 0.071875 0.059375
1 0.1671875 0.99140625 0.075 0.0171875
1 0.75546875 0.94140625 0.065625 0.0671875
1 0.88828125 0.91484375 0.090625 0.0828125
1 0.31328125 0.9578125 0.0625 0.0609375
1 0.8203125 0.90625 0.0375 0.053125