1 0.384375 0.58671875 0.06015625 0.0625
1 0.9109375 0.58671875 0.06484375 0.0625
1 0.125 0.5796875 0.06953125 0.053125
1 0.71640625 0.5984375 0.06015625 0.0625
1 0.85078125 0.61328125 0.084375 0.075
1 0.27421875 0.6203125 0.0578125 0.05546875
1 0.78359375 0.62734375 0.03359375 0.05078125
1 0.7671875 0.54375 0.03359375 0.040625
1 0.6875 0.553125 0.03828125 0.03125
1 0.384375 0.96875 0.0625 0.053125
1 0.9109375 0.96875 0.0671875 0.053125
1 0.125 0.975 0.071875 0.040625
1 0.71640625 0.96171875 0.06015625 0.0625
1 0.85078125 0.946875 0.084375 0.075
1 0.27421875 0.93984375 0.0578125 0.05546875
1 0.78359375 0.9328125 0.03359375 0.05078125