0 0.103125 0.384375 0.0796875 0.08671875
0 0.69453125 0.41328125 0.0671875 0.08671875
0 0.1921875 0.41796875 0.06015625 0.075
0 0.821875 0.4421875 0.06015625 0.0625
0 0.2984375 0.41796875 0.0578125 0.06015625
0 0.90390625 0.45625 0.05546875 0.06953125
0 0.384375 0.43046875 0.0453125 0.0578125
0 0.5796875 0.41328125 0.03359375 0.0578125
0 0.2453125 0.43046875 0.040625 0.06484375
0 0.553125 0.4203125 0.0265625 0.05546875
0 0.865625 0.415625 0.0453125 0.05546875
0 0.96171875 0.4515625 0.0578125 0.07265625