1 0.81875 0.25625 0.0890625 0.0984375
1 0.60546875 0.315625 0.06875 0.075
1 0.371875 0.39375 0.0390625 0.04375
1 0.41015625 0.3875 0.05 0.0609375
1 0.4484375 0.36328125 0.0390625 0.046875
1 0.46875 0.35390625 0.034375 0.0453125
1 0.50234375 0.3484375 0.0453125 0.0546875
1 0.5484375 0.32578125 0.053125 0.065625
1 0.72734375 0.296875 0.0515625 0.059375
1 0.7734375 0.29453125 0.0421875 0.046875
1 0.9328125 0.2296875 0.040625 0.0796875
1 0.76640625 0.03984375 0.0890625 0.0796875
1 0.54921875 0.071875 0.06875 0.075
1 0.3046875 0.103125 0.0390625 0.04375
1 0.34140625 0.0921875 0.05 0.0609375
1 0.38671875 0.096875 0.0390625 0.046875
1 0.409375 0.096875 0.034375 0.0453125
1 0.44140625 0.08671875 0.0453125 0.0546875
1 0.49375 0.08671875 0.053125 0.065625
1 0.6671875 0.03515625 0.0515625 0.059375
1 0.70859375 0.0203125 0.0421875 0.040625
1 0.88125 0.021875 0.040625 0.04375