1 0.865625 0.334375 0.071875 0.084375
1 0.64453125 0.34375 0.05546875 0.06484375
1 0.39921875 0.36796875 0.03125 0.03828125
1 0.4375 0.3703125 0.03828125 0.053125
1 0.48046875 0.35546875 0.03125 0.040625
1 0.50234375 0.35078125 0.0265625 0.040625
1 0.5359375 0.353125 0.0359375 0.0484375
1 0.58671875 0.34140625 0.040625 0.0578125
1 0.7671875 0.353125 0.040625 0.05078125
1 0.8125 0.3609375 0.03359375 0.040625
1 0.9828125 0.334375 0.02421875 0.0765625
1 0.865625 0.103125 0.071875 0.084375
1 0.64453125 0.09375 0.05546875 0.06484375
1 0.39921875 0.06953125 0.03125 0.03828125
1 0.4375 0.0671875 0.03828125 0.053125
1 0.48046875 0.08203125 0.03125 0.040625
1 0.50234375 0.08671875 0.0265625 0.040625
1 0.5359375 0.084375 0.0359375 0.0484375
1 0.58671875 0.09609375 0.040625 0.0578125
1 0.7671875 0.084375 0.040625 0.05078125
1 0.8125 0.0765625 0.03359375 0.040625
1 0.9828125 0.103125 0.02421875 0.0765625