0 0.06015625 0.4953125 0.1203125 0.13125
0 0.6171875 0.3734375 0.0578125 0.0609375
0 0.19140625 0.41171875 0.0578125 0.06875
0 0.6578125 0.3640625 0.0421875 0.0421875
0 0.06953125 0.44453125 0.0859375 0.0890625
0 0.15859375 0.42578125 0.0609375 0.0703125
0 0.940625 0.41953125 0.090625 0.103125
0 0.32265625 0.37578125 0.0359375 0.04375
0 0.42578125 0.37109375 0.040625 0.05
0 0.5015625 0.36953125 0.0421875 0.053125
0 0.79140625 0.38671875 0.0796875 0.090625
0 0.03828125 0.11484375 0.0765625 0.1296875
0 0.58359375 0.09765625 0.0578125 0.0609375
0 0.1609375 0.1640625 0.0578125 0.06875
0 0.625 0.09765625 0.0421875 0.0421875
0 0.0390625 0.16171875 0.078125 0.0890625
0 0.12578125 0.15859375 0.0609375 0.0703125
0 0.8875 0.0140625 0.090625 0.028125
0 0.98046875 0.93046875 0.0390625 0.0296875
0 0.296875 0.16640625 0.0359375 0.04375
0 0.3984375 0.14609375 0.040625 0.05
0 0.471875 0.13046875 0.0421875 0.053125
0 0.74921875 0.04375 0.0796875 0.0875