1 0.3890625 0.59296875 0.0640625 0.065625
1 0.91484375 0.56484375 0.06875 0.065625
1 0.1296875 0.59921875 0.071875 0.05625
1 0.72109375 0.58671875 0.0640625 0.065625
1 0.85625 0.59453125 0.0875 0.0796875
1 0.28046875 0.63203125 0.0609375 0.0578125
1 0.78984375 0.6125 0.0359375 0.053125
1 0.76875 0.5296875 0.0359375 0.0421875
1 0.68984375 0.54296875 0.040625 0.0328125
1 0.409375 0.97265625 0.065625 0.0546875
1 0.93515625 0.946875 0.0703125 0.05625
1 0.14921875 0.9859375 0.0734375 0.028125
1 0.740625 0.95 0.0640625 0.065625
1 0.8734375 0.928125 0.0875 0.0796875
1 0.29765625 0.95078125 0.0609375 0.0578125
1 0.80546875 0.9171875 0.0359375 0.053125