0 0.06484375 0.42734375 0.115625 0.121875
0 0.6359375 0.39375 0.053125 0.0578125
0 0.209375 0.36484375 0.053125 0.0640625
0 0.67734375 0.390625 0.0390625 0.0390625
0 0.08359375 0.37734375 0.0796875 0.0828125
0 0.17421875 0.37265625 0.0546875 0.0671875
0 0.94765625 0.4890625 0.0828125 0.096875
0 0.34453125 0.35 0.0328125 0.0421875
0 0.446875 0.36171875 0.0375 0.046875
0 0.521875 0.37109375 0.0375 0.05
0 0.80546875 0.434375 0.071875 0.084375
0 0.078125 0.05234375 0.11875 0.1046875
0 0.6453125 0.115625 0.053125 0.0578125
0 0.21796875 0.11484375 0.053125 0.0640625
0 0.68671875 0.121875 0.0390625 0.0390625
0 0.09375 0.09375 0.0796875 0.0828125
0 0.18359375 0.1046875 0.0546875 0.0671875
0 0.96015625 0.05234375 0.0796875 0.0765625
0 0.92890625 0.99609375 0.0828125 0.0078125
0 0.3515625 0.1390625 0.0328125 0.0421875
0 0.4546875 0.13515625 0.0375 0.046875
0 0.53046875 0.13046875 0.0375 0.05
0 0.81796875 0.0875 0.071875 0.084375