1 0.8921875 0.4140625 0.0875 0.096875
1 0.67421875 0.37734375 0.0671875 0.075
1 0.42890625 0.35 0.0390625 0.04375
1 0.465625 0.36015625 0.0484375 0.059375
1 0.5109375 0.3546875 0.0390625 0.046875
1 0.53359375 0.3546875 0.034375 0.0453125
1 0.565625 0.3640625 0.0453125 0.0546875
1 0.61796875 0.36328125 0.0515625 0.065625
1 0.7921875 0.41171875 0.05 0.0578125
1 0.834375 0.42890625 0.040625 0.046875
1 0.99375 0.43828125 0.0125 0.0796875
1 0.93984375 0.1875 0.0875 0.096875
1 0.72578125 0.1328125 0.0671875 0.075
1 0.490625 0.0578125 0.0390625 0.04375
1 0.52890625 0.06328125 0.0484375 0.059375
1 0.56796875 0.08671875 0.0390625 0.046875
1 0.58828125 0.09609375 0.034375 0.0453125
1 0.621875 0.10078125 0.0453125 0.0546875
1 0.66875 0.12265625 0.0515625 0.065625
1 0.84765625 0.14921875 0.05 0.0578125
1 0.89375 0.15078125 0.040625 0.046875