1 0.57734375 0.3609375 0.1296875 0.1453125
1 0.834375 0.36953125 0.08125 0.09375
1 0.14609375 0.47890625 0.09375 0.109375
1 0.08828125 0.48203125 0.0609375 0.075
1 0.75546875 0.36015625 0.0640625 0.0765625
1 0.38984375 0.465625 0.121875 0.171875
1 0.934375 0.321875 0.06875 0.1140625
1 0.43671875 0.4078125 0.0390625 0.053125
1 0.70625 0.38984375 0.05 0.0515625
1 0.67734375 0.37734375 0.028125 0.034375
0 0.48984375 0.3921875 0.040625 0.05
1 0.5296875 0.0609375 0.13125 0.121875
1 0.08359375 0.08984375 0.0890625 0.071875
1 0.028125 0.09453125 0.05625 0.0578125
1 0.6984375 0.01640625 0.065625 0.0328125
1 0.325 0.0546875 0.109375 0.0796875
1 0.88046875 0.01640625 0.0703125 0.0328125
1 0.37890625 0.046875 0.0390625 0.053125
1 0.6171875 0.009375 0.028125 0.01875
0 0.43515625 0.0453125 0.040625 0.05