1 0.59375 0.371875 0.115625 0.1328125
1 0.84765625 0.4109375 0.071875 0.0875
1 0.1515625 0.4359375 0.0828125 0.1015625
1 0.09375 0.43203125 0.053125 0.06875
1 0.7703125 0.3921875 0.05625 0.071875
1 0.3953125 0.453125 0.1046875 0.1625
1 0.953125 0.3765625 0.05625 0.109375
1 0.4484375 0.40078125 0.0328125 0.05
1 0.71796875 0.415625 0.04375 0.046875
1 0.69140625 0.39921875 0.025 0.0328125
0 0.503125 0.3921875 0.034375 0.046875
1 0.58359375 0.06171875 0.1171875 0.1234375
1 0.83359375 0.02109375 0.0734375 0.0421875
1 0.13671875 0.0421875 0.0828125 0.0625
1 0.07890625 0.0390625 0.0546875 0.0515625
1 0.75859375 0.02890625 0.0578125 0.0578125
1 0.38046875 0.03671875 0.103125 0.06875
1 0.940625 0.040625 0.059375 0.08125
1 0.43515625 0.0359375 0.0328125 0.05
1 0.7046875 0.01328125 0.046875 0.0265625
1 0.678125 0.0203125 0.025 0.0328125
0 0.490625 0.040625 0.034375 0.046875