1 0.040625 0.40625 0.0453125 0.075
1 0.18046875 0.46640625 0.06015625 0.075
1 0.8578125 0.459375 0.06015625 0.053125
1 0.178125 0.209375 0.040625 0.053125
1 0.2140625 0.3625 0.0453125 0.06015625
1 0.83203125 0.3171875 0.0453125 0.053125
1 0.9640625 0.3 0.0625 0.05546875
1 0.228125 0.2046875 0.03828125 0.0484375
1 0.3921875 0.24609375 0.0484375 0.053125
0 0.646875 0.3796875 0.0453125 0.053125
0 0.83671875 0.60859375 0.06015625 0.04609375
0 0.70703125 0.2484375 0.0484375 0.0484375
1 0.178125 0.12265625 0.040625 0.053125
1 0.83203125 0.021875 0.0484375 0.04375
1 0.9640625 0.03125 0.0625 0.05546875
1 0.228125 0.12734375 0.03828125 0.0484375
1 0.3921875 0.08671875 0.0484375 0.053125
0 0.70703125 0.084375 0.0484375 0.0484375