1 0.1421875 0.43984375 0.125 0.12265625
1 0.18515625 0.58203125 0.1421875 0.1421875
1 0.33671875 0.7234375 0.1734375 0.18046875
1 0.4640625 0.5484375 0.1296875 0.16328125
1 0.5265625 0.3921875 0.0796875 0.08203125
1 0.53828125 0.46875 0.12265625 0.09609375
1 0.65625 0.51953125 0.0890625 0.10546875
1 0.634375 0.3609375 0.0578125 0.071875
1 0.6828125 0.38203125 0.06015625 0.071875
1 0.70703125 0.44453125 0.084375 0.08203125
1 0.8609375 0.5 0.15390625 0.165625
1 0.803125 0.4421875 0.084375 0.0984375
1 0.853125 0.3703125 0.0765625 0.08671875
1 0.3375 0.91953125 0.17578125 0.15625
1 0.6359375 0.00703125 0.06015625 0.0140625