1 0.1671875 0.3546875 0.1515625 0.15
1 0.175 0.503125 0.171875 0.171875
1 0.2875 0.67734375 0.2125 0.2171875
1 0.453125 0.53828125 0.165625 0.1890625
1 0.5515625 0.4015625 0.096875 0.0984375
1 0.54453125 0.47890625 0.1421875 0.1234375
1 0.646875 0.55703125 0.1125 0.1234375
1 0.6640625 0.39765625 0.0734375 0.084375
1 0.70625 0.4296875 0.075 0.084375
1 0.7140625 0.49609375 0.1015625 0.1
1 0.85 0.5875 0.1890625 0.1984375
1 0.8078125 0.5171875 0.10625 0.115625
1 0.87421875 0.459375 0.0953125 0.103125
1 0.240625 0.86796875 0.2078125 0.19375
1 0.75078125 0.0546875 0.0625 0.028125