1 0.03125 0.51171875 0.0609375 0.0828125
1 0.18125 0.5390625 0.075 0.0859375
1 0.83984375 0.3796875 0.0703125 0.065625
1 0.12109375 0.2890625 0.0515625 0.0609375
1 0.190625 0.43046875 0.0578125 0.06875
1 0.78203125 0.246875 0.05625 0.0625
1 0.90703125 0.20078125 0.0734375 0.06875
1 0.16875 0.2734375 0.0484375 0.05625
1 0.3375 0.2765625 0.059375 0.0625
0 0.61640625 0.35 0.05625 0.0625
0 0.85234375 0.5296875 0.06875 0.0578125
0 0.6453125 0.20859375 0.0578125 0.0578125
1 0.1015625 0.2046875 0.0515625 0.0609375
1 0.1515625 0.1984375 0.0484375 0.05625
1 0.30234375 0.121875 0.059375 0.0625
0 0.60859375 0.0484375 0.0578125 0.0578125