1 0.14453125 0.42734375 0.1296875 0.1265625
1 0.1828125 0.57109375 0.146875 0.146875
1 0.32890625 0.71796875 0.1796875 0.1859375
1 0.4625 0.546875 0.1359375 0.1671875
1 0.53046875 0.39296875 0.0828125 0.084375
1 0.5390625 0.4703125 0.1265625 0.1
1 0.65546875 0.525 0.0921875 0.1078125
1 0.6390625 0.365625 0.0609375 0.0734375
1 0.68671875 0.38828125 0.0625 0.0734375
1 0.70859375 0.4515625 0.0875 0.084375
1 0.8609375 0.5125 0.159375 0.1703125
1 0.8046875 0.453125 0.0875 0.1015625
1 0.8578125 0.3828125 0.0796875 0.0890625
1 0.32265625 0.91328125 0.18125 0.1625
1 0.653125 0.01171875 0.0609375 0.015625