1 0.659375 0.26640625 0.090625 0.1125
1 0.80859375 0.33359375 0.196875 0.2140625
1 0.55390625 0.2625 0.115625 0.128125
1 0.946875 0.378125 0.10625 0.190625
1 0.2578125 0.20625 0.0734375 0.0859375
1 0.46796875 0.31171875 0.159375 0.178125
1 0.60703125 0.2875 0.0578125 0.0734375
1 0.9015625 0.34609375 0.075 0.1015625
1 0.31484375 0.23359375 0.0484375 0.0625
1 0.37734375 0.25078125 0.0453125 0.05625
1 0.41640625 0.25390625 0.05 0.0609375
1 0.2921875 0.2078125 0.053125 0.059375
1 0.69453125 0.13671875 0.090625 0.1125
1 0.85390625 0.1625 0.1953125 0.1984375
1 0.60078125 0.0859375 0.115625 0.128125
1 0.9703125 0.20234375 0.059375 0.1828125
1 0.31640625 0.015625 0.0734375 0.03125
1 0.5421875 0.0453125 0.14375 0.090625
1 0.659375 0.0921875 0.0578125 0.0734375
1 0.94375 0.1890625 0.075 0.1015625
1 0.37890625 0.01171875 0.0484375 0.0234375
1 0.44140625 0.01796875 0.0453125 0.0359375
1 0.4765625 0.028125 0.05 0.05625
1 0.346875 0.01640625 0.053125 0.0328125