1 0.48828125 0.35078125 0.0671875 0.09375
1 0.61796875 0.353125 0.06484375 0.08671875
1 0.90859375 0.3625 0.0765625 0.09140625
1 0.29296875 0.35546875 0.0671875 0.08671875
1 0.759375 0.384375 0.0578125 0.06953125
1 0.4375 0.3796875 0.0484375 0.0625
1 0.10546875 0.39140625 0.0359375 0.0671875
1 0.84140625 0.39609375 0.0484375 0.053125
1 0.5453125 0.3984375 0.0484375 0.06484375
1 0.21640625 0.39609375 0.0484375 0.06484375
1 0.14453125 0.41328125 0.03828125 0.05078125
1 0.0796875 0.4015625 0.0265625 0.06484375
1 0.6703125 0.38203125 0.0453125 0.0796875
1 0.79296875 0.4015625 0.0359375 0.0625
1 0.4890625 0.01484375 0.06953125 0.02890625
1 0.61796875 0.01171875 0.0671875 0.0234375
1 0.29453125 0.0109375 0.06953125 0.021875