1 0.65546875 0.4078125 0.0609375 0.084375
1 0.5234375 0.403125 0.0609375 0.071875
1 0.07265625 0.40390625 0.0671875 0.08125
1 0.38046875 0.39765625 0.0609375 0.071875
1 0.20703125 0.428125 0.0609375 0.071875
1 0.29921875 0.39609375 0.05 0.0640625
1 0.13359375 0.42578125 0.05 0.0578125
0 0.84140625 0.41875 0.0453125 0.0546875
1 0.01484375 0.434375 0.0296875 0.05625
1 0.26640625 0.4234375 0.0375 0.05
0 0.4484375 0.40546875 0.0453125 0.059375
0 0.57734375 0.42734375 0.028125 0.0390625
0 0.759375 0.4328125 0.025 0.034375
0 0.803125 0.43125 0.0328125 0.034375
0 0.89921875 0.41640625 0.0453125 0.046875
0 0.60546875 0.43125 0.0234375 0.03125
0 0.9328125 0.415625 0.028125 0.034375
0 0.96640625 0.41640625 0.025 0.034375
1 0.64296875 0.0125 0.0609375 0.025
1 0.51015625 0.015625 0.0609375 0.03125
1 0.059375 0.03984375 0.06875 0.0515625
1 0.36953125 0.02421875 0.0609375 0.0421875
1 0.19296875 0.01875 0.0609375 0.01875
1 0.2875 0.02890625 0.0515625 0.0453125
1 0.1203125 0.0203125 0.05 0.015625
1 0.25234375 0.01328125 0.0390625 0.0109375
0 0.4359375 0.01484375 0.046875 0.028125