0 0.46875 0.32890625 0.0625 0.075
0 0.6875 0.3 0.06953125 0.08203125
0 0.8609375 0.25078125 0.10546875 0.10625
0 0.63203125 0.321875 0.05546875 0.0671875
0 0.80078125 0.31171875 0.06484375 0.07265625
0 0.31484375 0.3359375 0.05078125 0.06484375
0 0.38203125 0.3984375 0.0359375 0.03359375
0 0.4703125 0.0203125 0.06484375 0.040625
0 0.6875 0.0375 0.071875 0.075
0 0.8609375 0.08203125 0.10546875 0.10625
0 0.63203125 0.02265625 0.0578125 0.0453125
0 0.80078125 0.02890625 0.0671875 0.0578125
0 0.31484375 0.01484375 0.053125 0.02890625