0 0.478125 0.32734375 0.065625 0.078125
0 0.69765625 0.31015625 0.0734375 0.0859375
0 0.8734375 0.2703125 0.1109375 0.1109375
0 0.64140625 0.32890625 0.059375 0.0703125
0 0.81015625 0.32734375 0.06875 0.0765625
0 0.3234375 0.3265625 0.0546875 0.0671875
0 0.3875 0.3921875 0.0375 0.0359375
0 0.49453125 0.0203125 0.0671875 0.040625
0 0.71171875 0.04765625 0.075 0.078125
0 0.88203125 0.1015625 0.1109375 0.1109375
0 0.65703125 0.03046875 0.059375 0.0484375
0 0.825 0.0453125 0.0703125 0.0609375
0 0.33984375 0.01015625 0.0546875 0.0203125