0 0.13203125 0.34609375 0.15390625 0.1703125
0 0.7546875 0.3171875 0.1296875 0.15390625
0 0.61328125 0.3578125 0.07421875 0.103125
0 0.375 0.39921875 0.09609375 0.12265625
0 0.49296875 0.375 0.06484375 0.0765625
0 0.25 0.40390625 0.040625 0.0453125
0 0.30078125 0.3921875 0.040625 0.053125
0 0.584375 0.18984375 0.03125 0.03125
0 0.63671875 0.1921875 0.02890625 0.03828125
0 0.6921875 0.196875 0.021875 0.0359375
0 0.27421875 0.28359375 0.0265625 0.03125
0 0.31484375 0.1921875 0.021875 0.03359375
0 0.34375 0.19453125 0.021875 0.02421875
0 0.396875 0.1828125 0.021875 0.0265625
0 0.3796875 0.1921875 0.01953125 0.03125
0 0.365625 0.2015625 0.01953125 0.02890625
0 0.13359375 0.03828125 0.15625 0.0765625
0 0.75625 0.04921875 0.13203125 0.0984375
0 0.61328125 0.015625 0.0765625 0.03125
0 0.584375 0.146875 0.03125 0.03125
0 0.63671875 0.14453125 0.02890625 0.03828125
0 0.6921875 0.1390625 0.021875 0.0359375
0 0.27421875 0.053125 0.0265625 0.03125
0 0.31484375 0.14453125 0.021875 0.03359375
0 0.34375 0.1421875 0.021875 0.02421875
0 0.396875 0.15390625 0.021875 0.0265625
0 0.3796875 0.14453125 0.01953125 0.03125
0 0.365625 0.134375 0.01953125 0.02890625