1 0.41328125 0.3078125 0.0796875 0.071875
1 0.84375 0.15625 0.0578125 0.053125
1 0.53359375 0.178125 0.0453125 0.0484375
1 0.415625 0.15625 0.05078125 0.053125
1 0.3296875 0.15859375 0.0359375 0.03828125
1 0.23828125 0.1609375 0.0359375 0.0453125
1 0.125 0.15390625 0.0453125 0.0359375
1 0.7546875 0.18984375 0.04296875 0.040625
1 0.84375 0.09375 0.0578125 0.053125
1 0.53359375 0.071875 0.0453125 0.0484375
1 0.415625 0.09375 0.05078125 0.053125
1 0.3296875 0.09140625 0.0359375 0.03828125
1 0.23828125 0.0890625 0.0359375 0.0453125
1 0.125 0.09609375 0.0453125 0.0359375
1 0.7546875 0.06015625 0.04296875 0.040625