1 0.415625 0.4328125 0.08203125 0.09140625
1 0.61328125 0.4203125 0.06953125 0.06953125
1 0.7328125 0.18984375 0.05546875 0.03828125
1 0.3890625 0.25 0.040625 0.0453125
1 0.7671875 0.2015625 0.040625 0.0453125
1 0.81484375 0.2046875 0.02421875 0.03359375
1 0.8703125 0.1921875 0.02421875 0.02890625
1 0.88671875 0.2015625 0.02421875 0.0265625
1 0.7328125 0.146875 0.05546875 0.03828125
1 0.3890625 0.08671875 0.040625 0.0453125
1 0.7671875 0.134375 0.040625 0.0453125
1 0.81484375 0.13203125 0.02421875 0.03359375
1 0.8703125 0.14453125 0.02421875 0.02890625
1 0.88671875 0.134375 0.02421875 0.0265625