1 0.4375 0.2984375 0.0875 0.08125
1 0.8828125 0.20078125 0.0640625 0.059375
1 0.57265625 0.184375 0.0515625 0.053125
1 0.4578125 0.1484375 0.05625 0.059375
1 0.37265625 0.140625 0.040625 0.0421875
1 0.28125 0.13125 0.040625 0.05
1 0.1703125 0.1109375 0.05 0.040625
1 0.790625 0.2234375 0.046875 0.0453125
1 0.890625 0.13828125 0.0640625 0.059375
1 0.58515625 0.07890625 0.0515625 0.053125
1 0.465625 0.08671875 0.05625 0.059375
1 0.38046875 0.0734375 0.040625 0.0421875
1 0.290625 0.06015625 0.040625 0.05
1 0.17734375 0.053125 0.05 0.040625
1 0.80625 0.09453125 0.046875 0.0453125