1 0.51953125 0.3515625 0.0859375 0.10625
1 0.64609375 0.38125 0.08125 0.0984375
1 0.928125 0.45078125 0.09375 0.1046875
1 0.32734375 0.315625 0.084375 0.0984375
1 0.778125 0.440625 0.0703125 0.0796875
1 0.4640625 0.36953125 0.0609375 0.071875
1 0.13671875 0.31171875 0.0484375 0.0734375
1 0.85546875 0.46953125 0.0578125 0.0625
1 0.565625 0.41015625 0.0609375 0.0734375
1 0.24453125 0.3390625 0.0609375 0.0734375
1 0.1703125 0.34140625 0.0484375 0.0578125
1 0.109375 0.31640625 0.0390625 0.06875
1 0.69140625 0.4203125 0.0609375 0.0875
1 0.80703125 0.46484375 0.0484375 0.06875
1 0.58984375 0.0234375 0.0734375 0.0421875
1 0.7171875 0.046875 0.0703125 0.0375