1 0.42890625 0.41953125 0.096875 0.1046875
1 0.62578125 0.44140625 0.08125 0.08125
1 0.7828125 0.23515625 0.0609375 0.046875
1 0.434375 0.234375 0.0484375 0.0515625
1 0.81484375 0.25234375 0.0484375 0.0515625
1 0.86171875 0.2640625 0.0296875 0.0375
1 0.91796875 0.2609375 0.028125 0.0328125
1 0.9328125 0.2734375 0.028125 0.0296875
1 0.790625 0.19296875 0.0609375 0.046875
1 0.4625 0.0734375 0.0484375 0.0515625
1 0.8265625 0.1859375 0.0484375 0.0515625
1 0.87421875 0.1921875 0.0296875 0.0375
1 0.9265625 0.2140625 0.028125 0.0328125
1 0.94453125 0.20703125 0.028125 0.0296875