1 0.59375 0.2328125 0.0671875 0.0984375
1 0.7546875 0.259375 0.15625 0.18046875
1 0.490625 0.25703125 0.09140625 0.1078125
1 0.92578125 0.259375 0.1203125 0.165625
1 0.18984375 0.27890625 0.05546875 0.07421875
1 0.4203125 0.3265625 0.125 0.1515625
1 0.5484375 0.2671875 0.04296875 0.06484375
1 0.8484375 0.24765625 0.053125 0.09140625
1 0.25234375 0.290625 0.0359375 0.05546875
1 0.3171875 0.290625 0.03359375 0.0484375
1 0.35546875 0.28359375 0.03828125 0.053125
1 0.2234375 0.271875 0.040625 0.05078125
1 0.59375 0.0984375 0.0671875 0.0984375
1 0.7546875 0.08203125 0.15859375 0.16328125
1 0.490625 0.07421875 0.09140625 0.1078125
1 0.9265625 0.078125 0.12265625 0.15625
1 0.18984375 0.053125 0.05546875 0.07421875
1 0.42109375 0.040625 0.1265625 0.08125
1 0.5484375 0.06484375 0.04296875 0.06484375
1 0.8484375 0.084375 0.053125 0.09140625
1 0.25234375 0.040625 0.0359375 0.05546875
1 0.3171875 0.040625 0.03359375 0.0484375
1 0.35546875 0.0484375 0.03828125 0.053125
1 0.2234375 0.06015625 0.040625 0.05078125