1 0.02578125 0.4625 0.0515625 0.153125
1 0.03671875 0.396875 0.0734375 0.146875
1 0.10703125 0.41640625 0.109375 0.1109375
1 0.28046875 0.3765625 0.0765625 0.078125
1 0.2640625 0.34375 0.0609375 0.05625
1 0.34921875 0.31875 0.0671875 0.0734375
1 0.5328125 0.30703125 0.059375 0.0671875
1 0.6625 0.215625 0.084375 0.0984375
1 0.6375 0.234375 0.053125 0.078125
1 0.825 0.19609375 0.103125 0.109375
1 0.04296875 0.14140625 0.0859375 0.0890625
1 0.20390625 0.08515625 0.075 0.0609375
1 0.20234375 0.1125 0.0609375 0.05625
1 0.28828125 0.09140625 0.0671875 0.0734375
1 0.45546875 0.02265625 0.0578125 0.0453125
1 0.6109375 0.03671875 0.084375 0.0734375
1 0.5796875 0.0296875 0.053125 0.059375