1 0.65859375 0.41328125 0.0578125 0.08203125
1 0.5265625 0.40390625 0.0578125 0.06953125
1 0.0765625 0.3890625 0.06484375 0.0796875
1 0.384375 0.39375 0.0578125 0.06953125
1 0.209375 0.41796875 0.0578125 0.06953125
1 0.303125 0.3890625 0.0484375 0.0625
1 0.13671875 0.41328125 0.0484375 0.05546875
0 0.84375 0.43046875 0.04296875 0.053125
1 0.0171875 0.41796875 0.02890625 0.05546875
1 0.26953125 0.415625 0.0359375 0.0484375
0 0.4515625 0.40390625 0.04296875 0.0578125
0 0.5796875 0.43046875 0.0265625 0.03828125
0 0.76171875 0.4421875 0.02421875 0.03359375
0 0.80546875 0.4421875 0.03125 0.03359375
0 0.9015625 0.43046875 0.04296875 0.04609375
0 0.6078125 0.43515625 0.021875 0.03125
0 0.93515625 0.43046875 0.0265625 0.03359375
0 0.96875 0.4328125 0.02421875 0.03359375
1 0.66015625 0.01484375 0.06015625 0.02890625
1 0.52734375 0.015625 0.06015625 0.03125
1 0.07578125 0.025 0.0671875 0.05
1 0.3859375 0.0203125 0.06015625 0.040625
1 0.21015625 0.00859375 0.06015625 0.0171875
1 0.30390625 0.021875 0.05078125 0.04375
1 0.1375 0.00703125 0.05 0.0140625
1 0.26953125 0.0046875 0.03828125 0.009375
0 0.453125 0.01328125 0.0453125 0.0265625