1 0.4546875 0.35703125 0.0859375 0.10625
1 0.58203125 0.33046875 0.0828125 0.0984375
1 0.8671875 0.27421875 0.0953125 0.10625
1 0.265625 0.40546875 0.084375 0.1
1 0.7265625 0.32890625 0.071875 0.08125
1 0.41171875 0.396875 0.0609375 0.071875
1 0.09140625 0.4828125 0.05 0.0734375
1 0.809375 0.321875 0.059375 0.0625
1 0.52109375 0.390625 0.0625 0.0734375
1 0.2 0.4625 0.0625 0.0734375
1 0.134375 0.4953125 0.0484375 0.0578125
1 0.06796875 0.4984375 0.040625 0.06875
1 0.6390625 0.346875 0.0625 0.0875
1 0.76328125 0.33828125 0.0484375 0.06875
1 0.38046875 0.0296875 0.075 0.04375
1 0.50546875 0.0078125 0.0703125 0.015625
1 0.18984375 0.06953125 0.0734375 0.0375