0 0.13515625 0.33984375 0.15625 0.1734375
0 0.7578125 0.321875 0.1328125 0.15625
0 0.615625 0.36015625 0.0765625 0.1046875
0 0.3765625 0.396875 0.0984375 0.125
0 0.4953125 0.375 0.065625 0.078125
0 0.2515625 0.39921875 0.0421875 0.0453125
0 0.30234375 0.3890625 0.0421875 0.053125
0 0.58984375 0.19140625 0.03125 0.03125
0 0.6421875 0.19453125 0.0296875 0.0390625
0 0.69765625 0.2 0.021875 0.0359375
0 0.278125 0.2796875 0.0265625 0.03125
0 0.3203125 0.1890625 0.021875 0.034375
0 0.34921875 0.1921875 0.021875 0.025
0 0.40234375 0.18125 0.021875 0.0265625
0 0.38515625 0.18984375 0.0203125 0.03125
0 0.37109375 0.19921875 0.0203125 0.0296875
0 0.14140625 0.0359375 0.1578125 0.071875
0 0.7640625 0.05390625 0.134375 0.1
0 0.621875 0.01796875 0.0765625 0.0328125
0 0.590625 0.1484375 0.03125 0.03125
0 0.64296875 0.146875 0.0296875 0.0390625
0 0.6984375 0.1421875 0.021875 0.0359375
0 0.28203125 0.04921875 0.0265625 0.03125
0 0.32109375 0.14140625 0.021875 0.034375
0 0.35 0.13984375 0.021875 0.025
0 0.403125 0.15234375 0.021875 0.0265625
0 0.3859375 0.1421875 0.0203125 0.03125
0 0.371875 0.13203125 0.0203125 0.0296875