1 0.4328125 0.415625 0.1 0.1078125
1 0.628125 0.44765625 0.0828125 0.0828125
1 0.796875 0.25 0.0625 0.05
1 0.4484375 0.23125 0.05 0.053125
1 0.82734375 0.26953125 0.05 0.053125
1 0.8734375 0.2828125 0.03125 0.0375
1 0.9296875 0.28359375 0.0296875 0.034375
1 0.94375 0.29609375 0.0296875 0.03125
1 0.80625 0.20859375 0.0625 0.05
1 0.48515625 0.07265625 0.05 0.053125
1 0.84296875 0.20390625 0.05 0.053125
1 0.88984375 0.2125 0.03125 0.0375
1 0.940625 0.23671875 0.0296875 0.034375
1 0.959375 0.23046875 0.0296875 0.03125