1 0.39375 0.31796875 0.0875 0.0796875
1 0.80625 0.121875 0.0625 0.059375
1 0.5 0.1765625 0.05 0.053125
1 0.38046875 0.1671875 0.05625 0.0578125
1 0.2953125 0.178125 0.0390625 0.0421875
1 0.20390625 0.18984375 0.040625 0.0484375
1 0.090625 0.1953125 0.0484375 0.040625
1 0.72109375 0.16484375 0.046875 0.0453125
1 0.79921875 0.06015625 0.0625 0.059375
1 0.48828125 0.07109375 0.05 0.053125
1 0.3734375 0.1046875 0.05625 0.0578125
1 0.28828125 0.11171875 0.0390625 0.0421875
1 0.196875 0.11875 0.040625 0.0484375
1 0.08515625 0.1375 0.0484375 0.040625
1 0.70703125 0.0359375 0.046875 0.0453125