1 0.603125 0.2359375 0.0703125 0.1
1 0.76328125 0.26875 0.1625 0.1859375
1 0.49921875 0.25703125 0.0953125 0.1109375
1 0.93359375 0.27421875 0.1265625 0.1703125
1 0.19765625 0.26796875 0.0578125 0.0765625
1 0.4265625 0.32421875 0.1296875 0.15625
1 0.55625 0.26875 0.0453125 0.065625
1 0.85703125 0.26015625 0.05625 0.09375
1 0.26015625 0.28203125 0.0375 0.05625
1 0.32421875 0.284375 0.0359375 0.05
1 0.36328125 0.27890625 0.040625 0.0546875
1 0.23125 0.2625 0.0421875 0.0515625
1 0.6078125 0.10234375 0.0703125 0.1
1 0.76875 0.09140625 0.1640625 0.16875
1 0.50546875 0.07421875 0.0953125 0.1109375
1 0.93828125 0.09296875 0.1234375 0.1609375
1 0.20546875 0.0421875 0.0578125 0.0765625
1 0.43671875 0.040625 0.1296875 0.08125
1 0.56328125 0.0671875 0.0453125 0.065625
1 0.8625 0.096875 0.05625 0.09375
1 0.26875 0.03203125 0.0375 0.05625
1 0.33359375 0.034375 0.0359375 0.05
1 0.37109375 0.04375 0.040625 0.0546875
1 0.2390625 0.05078125 0.0421875 0.0515625