1 0.65234375 0.40234375 0.0640625 0.0859375
1 0.51953125 0.40234375 0.0625 0.0734375
1 0.06953125 0.41875 0.0703125 0.084375
1 0.37734375 0.40234375 0.0625 0.0734375
1 0.2046875 0.43828125 0.0625 0.0734375
1 0.29609375 0.403125 0.053125 0.065625
1 0.13125 0.4390625 0.0515625 0.059375
0 0.83828125 0.40703125 0.046875 0.05625
1 0.0140625 0.45078125 0.028125 0.0578125
1 0.2640625 0.43203125 0.0390625 0.0515625
0 0.4453125 0.4078125 0.046875 0.0609375
0 0.575 0.425 0.0296875 0.040625
0 0.75703125 0.42421875 0.0265625 0.0359375
0 0.80078125 0.42109375 0.0328125 0.0359375
0 0.89609375 0.40234375 0.0453125 0.0484375
0 0.603125 0.428125 0.0234375 0.0328125
0 0.92890625 0.4 0.028125 0.0359375
0 0.96328125 0.4 0.0265625 0.0359375
1 0.625 0.01015625 0.0625 0.0203125
1 0.49375 0.01640625 0.0625 0.0328125
1 0.04375 0.05546875 0.0703125 0.0546875
1 0.353125 0.0296875 0.0625 0.0453125
1 0.1765625 0.0296875 0.0609375 0.021875
1 0.27109375 0.03671875 0.053125 0.046875
1 0.10390625 0.03359375 0.0515625 0.0171875
1 0.23515625 0.021875 0.0390625 0.0125
0 0.41953125 0.01796875 0.046875 0.0296875