0 0.10546875 0.43984375 0.190625 0.203125
0 0.703125 0.2609375 0.1625 0.18125
0 0.57578125 0.334375 0.096875 0.11875
0 0.3546875 0.4328125 0.1234375 0.1421875
0 0.46328125 0.38046875 0.08125 0.090625
0 0.234375 0.4671875 0.05 0.053125
0 0.28046875 0.44375 0.0515625 0.0609375
0 0.50703125 0.17890625 0.0375 0.0375
0 0.5578125 0.16796875 0.0375 0.04375
0 0.61328125 0.159375 0.0296875 0.040625
0 0.22890625 0.34453125 0.0328125 0.0375
0 0.24609375 0.24609375 0.0296875 0.0375
0 0.27421875 0.24140625 0.0265625 0.028125
0 0.3234375 0.2171875 0.028125 0.03125
0 0.30859375 0.23046875 0.0265625 0.034375
0 0.29765625 0.24296875 0.0265625 0.0328125
0 0.05859375 0.140625 0.1171875 0.1125
0 0.63984375 0.03203125 0.1515625 0.0640625
0 0.4921875 0.01328125 0.08125 0.0265625
0 0.49609375 0.13671875 0.0375 0.0375
0 0.546875 0.121875 0.0375 0.04375
0 0.59921875 0.103125 0.0296875 0.040625
0 0.17265625 0.12109375 0.0328125 0.0375
0 0.234375 0.2 0.0296875 0.0375
0 0.26171875 0.190625 0.0265625 0.028125
0 0.31640625 0.1890625 0.028125 0.03125
0 0.296875 0.184375 0.0265625 0.034375
0 0.28125 0.178125 0.0265625 0.0328125