1 0.0265625 0.40390625 0.053125 0.1484375
1 0.04140625 0.33828125 0.0828125 0.1390625
1 0.1203125 0.36875 0.1015625 0.103125
1 0.296875 0.35078125 0.0703125 0.0734375
1 0.28515625 0.31640625 0.05625 0.0515625
1 0.37265625 0.3015625 0.0609375 0.06875
1 0.55625 0.3125 0.053125 0.0640625
1 0.69609375 0.2375 0.0765625 0.0921875
1 0.66875 0.253125 0.0453125 0.0765625
1 0.859375 0.23828125 0.09375 0.1015625
1 0.02734375 0.13046875 0.0546875 0.1390625
1 0.08046875 0.08828125 0.1 0.0796875
1 0.25625 0.05234375 0.0703125 0.053125
1 0.2515625 0.07890625 0.05625 0.0515625
1 0.33984375 0.06875 0.0609375 0.06875
1 0.51484375 0.0203125 0.0546875 0.040625
1 0.66796875 0.04375 0.0765625 0.0875
1 0.63828125 0.0359375 0.0453125 0.071875
1 0.82421875 0.02265625 0.0953125 0.0453125