1 0.18984375 0.27421875 0.1109375 0.1515625
1 0.8703125 0.28125 0.12265625 0.15625
1 0.67578125 0.27890625 0.1078125 0.146875
1 0.47109375 0.3265625 0.0984375 0.11796875
1 0.40859375 0.2765625 0.084375 0.1203125
1 0.2765625 0.303125 0.08671875 0.115625
1 0.18984375 0.1109375 0.1109375 0.1515625
1 0.8703125 0.103125 0.12265625 0.15625
1 0.67578125 0.10546875 0.1078125 0.146875
1 0.4703125 0.05859375 0.1 0.1171875
1 0.40859375 0.1078125 0.084375 0.1203125
1 0.2765625 0.08203125 0.08671875 0.115625