1 0.728125 0.40390625 0.05078125 0.0484375
1 0.15390625 0.53125 0.0484375 0.0484375
1 0.64921875 0.42734375 0.0359375 0.053125
1 0.76171875 0.42265625 0.0359375 0.053125
1 0.9109375 0.35078125 0.0453125 0.04609375
1 0.728125 0.16875 0.05078125 0.0484375
1 0.15390625 0.040625 0.0484375 0.0484375
1 0.15390625 0.89375 0.0484375 0.0484375
1 0.64921875 0.14453125 0.0359375 0.053125
1 0.64921875 0.9828125 0.03828125 0.02421875
1 0.76171875 0.14921875 0.0359375 0.053125
1 0.76171875 0.98515625 0.03828125 0.01953125
1 0.9109375 0.221875 0.0453125 0.04609375