0 0.075 0.51171875 0.15 0.1796875
0 0.8421875 0.37890625 0.0828125 0.096875
0 0.2140625 0.4265625 0.078125 0.0859375
0 0.653125 0.353125 0.059375 0.0625
0 0.6140625 0.36484375 0.0484375 0.0578125
0 0.2546875 0.390625 0.05 0.0578125
0 0.353125 0.36328125 0.034375 0.034375
0 0.55390625 0.3515625 0.05 0.053125
0 0.5109375 0.346875 0.0328125 0.04375
0 0.49140625 0.353125 0.0203125 0.0375
0 0.475 0.3546875 0.025 0.040625
0 0.4453125 0.3484375 0.028125 0.0359375
0 0.4109375 0.36171875 0.0328125 0.0390625