1 0.4015625 0.25390625 0.14453125 0.17578125
1 0.6515625 0.3046875 0.1421875 0.19765625
1 0.08671875 0.25390625 0.1421875 0.16875
1 0.81484375 0.34375 0.1609375 0.21171875
1 0.93984375 0.3171875 0.0578125 0.11796875
1 0.98046875 0.31171875 0.03359375 0.18515625
1 0.4015625 0.0828125 0.146875 0.165625
1 0.6515625 0.0640625 0.14453125 0.12734375
1 0.08671875 0.08203125 0.14453125 0.1640625
1 0.81484375 0.0484375 0.16328125 0.09609375
1 0.94140625 0.0375 0.06015625 0.075
1 0.98203125 0.05625 0.0359375 0.1125