1 0.31171875 0.46484375 0.0609375 0.05625
1 0.21875 0.47421875 0.0578125 0.065625
0 0.26328125 0.4921875 0.0578125 0.0640625
0 0.4234375 0.4671875 0.0453125 0.0484375
0 0.56484375 0.4640625 0.0359375 0.0453125
0 0.53203125 0.43984375 0.0390625 0.04375
0 0.49609375 0.446875 0.03125 0.0375
0 0.28671875 0.48359375 0.034375 0.053125
1 0.584375 0.43359375 0.0359375 0.046875
1 0.71015625 0.43984375 0.046875 0.053125
1 0.78203125 0.4296875 0.040625 0.0484375
0 0.6578125 0.45546875 0.0484375 0.0484375
0 0.76640625 0.4765625 0.05625 0.059375
0 0.87890625 0.4375 0.034375 0.0375
0 0.95625 0.43671875 0.0359375 0.0375