0 0.1734375 0.375 0.0765625 0.084375
0 0.071875 0.3390625 0.0671875 0.0625
0 0.7140625 0.31484375 0.071875 0.0765625
0 0.23046875 0.3265625 0.06015625 0.0765625
0 0.9234375 0.428125 0.11796875 0.14453125
0 0.85546875 0.3390625 0.0578125 0.0578125
0 0.7953125 0.36328125 0.0796875 0.103125
0 0.03828125 0.40859375 0.071875 0.11796875
0 0.09375 0.39453125 0.0671875 0.11796875
0 0.4859375 0.31015625 0.053125 0.0578125
0 0.74765625 0.3609375 0.04296875 0.09609375
0 0.1734375 0.0578125 0.0765625 0.084375
0 0.071875 0.09375 0.0671875 0.0625
0 0.7140625 0.11796875 0.071875 0.0765625
0 0.23046875 0.10546875 0.06015625 0.0765625
0 0.9234375 0.03984375 0.1203125 0.0796875
0 0.85546875 0.09375 0.0578125 0.0578125
0 0.7953125 0.06953125 0.0796875 0.103125
0 0.03984375 0.0421875 0.07421875 0.084375
0 0.0953125 0.04921875 0.06953125 0.0984375
0 0.4859375 0.12265625 0.053125 0.0578125
0 0.74765625 0.071875 0.04296875 0.09609375