0 0.1546875 0.4453125 0.0921875 0.0984375
0 0.04765625 0.43125 0.078125 0.075
0 0.67109375 0.27421875 0.0859375 0.0890625
0 0.2 0.38671875 0.075 0.0875
0 0.89921875 0.34140625 0.1453125 0.165625
0 0.8140625 0.26875 0.06875 0.06875
0 0.76015625 0.3046875 0.1 0.1171875
0 0.03828125 0.50546875 0.0765625 0.1296875
0 0.08046875 0.48125 0.090625 0.1296875
0 0.446875 0.3171875 0.0640625 0.0671875
0 0.71328125 0.3125 0.0625 0.103125
0 0.08828125 0.13515625 0.0921875 0.0984375
0 0.01796875 0.190625 0.0359375 0.075
0 0.6296875 0.08203125 0.0859375 0.0890625
0 0.1546875 0.1703125 0.075 0.0875
0 0.7625 0.03125 0.06875 0.0625
0 0.6984375 0.0375 0.1 0.075
0 0.02734375 0.14296875 0.0546875 0.1109375
0 0.4078125 0.13359375 0.0640625 0.0671875
0 0.653125 0.040625 0.0625 0.08125