1 0.6984375 0.3515625 0.0609375 0.059375
1 0.171875 0.6140625 0.059375 0.059375
1 0.62734375 0.39375 0.0484375 0.0609375
1 0.73515625 0.36171875 0.0484375 0.0609375
1 0.8625 0.25546875 0.0546875 0.05625
1 0.64140625 0.1234375 0.0609375 0.059375
1 0.053125 0.13828125 0.059375 0.059375
1 0.259375 0.965625 0.059375 0.059375
1 0.55859375 0.11875 0.0484375 0.0609375
1 0.76171875 0.93203125 0.04375 0.0328125
1 0.66875 0.09609375 0.0484375 0.0609375
1 0.87109375 0.9078125 0.0421875 0.028125
1 0.83125 0.13046875 0.0546875 0.05625