0 0.19375 0.33046875 0.0875 0.09375
0 0.0984375 0.28125 0.075 0.071875
0 0.7375 0.34609375 0.08125 0.0859375
0 0.25703125 0.290625 0.0703125 0.084375
0 0.9296875 0.4875 0.1375 0.159375
0 0.87421875 0.38984375 0.065625 0.065625
0 0.81171875 0.40546875 0.09375 0.1125
0 0.05546875 0.3453125 0.0875 0.1265625
0 0.1125 0.3390625 0.0828125 0.1265625
0 0.5125 0.31015625 0.0609375 0.0640625
0 0.76484375 0.396875 0.05625 0.1015625
0 0.2375 0.03125 0.0875 0.0625
0 0.1328125 0.03828125 0.075 0.071875
0 0.76484375 0.1515625 0.08125 0.0859375
0 0.28828125 0.071875 0.0703125 0.084375
0 0.959375 0.10234375 0.08125 0.0953125
0 0.90859375 0.146875 0.065625 0.065625
0 0.85234375 0.11484375 0.09375 0.1125
0 0.10703125 0.01484375 0.0859375 0.0296875
0 0.16171875 0.02578125 0.0828125 0.0515625
0 0.53828125 0.12421875 0.0609375 0.0640625
0 0.8046875 0.11015625 0.05625 0.1015625