1 0.31484375 0.4515625 0.0578125 0.053125
1 0.22109375 0.4546875 0.053125 0.0625
0 0.2640625 0.47578125 0.053125 0.06015625
0 0.42578125 0.46171875 0.04296875 0.0453125
0 0.5671875 0.46875 0.03359375 0.04296875
0 0.5359375 0.4421875 0.0359375 0.040625
0 0.5 0.446875 0.02890625 0.0359375
0 0.28828125 0.46875 0.03125 0.05078125
1 0.5890625 0.43984375 0.03359375 0.0453125
1 0.7140625 0.4546875 0.04296875 0.05078125
1 0.7859375 0.44921875 0.03828125 0.0453125
0 0.6609375 0.46640625 0.0453125 0.0453125
0 0.7671875 0.4953125 0.053125 0.05546875
0 0.88203125 0.4640625 0.03125 0.0359375
0 0.959375 0.46875 0.03359375 0.0359375