0 0.09609375 0.34375 0.16328125 0.18046875
1 0.2046875 0.36953125 0.10546875 0.14453125
1 0.35078125 0.3796875 0.06484375 0.0890625
1 0.48046875 0.3625 0.084375 0.1109375
1 0.709375 0.37265625 0.06953125 0.09609375
1 0.59609375 0.39609375 0.0625 0.06953125
1 0.875 0.3625 0.09375 0.10859375
1 0.9546875 0.38671875 0.08203125 0.0984375
0 0.09765625 0.03984375 0.165625 0.0796875
1 0.20546875 0.01796875 0.1078125 0.0359375
1 0.48046875 0.01328125 0.08671875 0.0265625
1 0.87421875 0.01171875 0.0953125 0.0234375