0 0.071875 0.46640625 0.1421875 0.165625
0 0.853125 0.415625 0.07421875 0.0890625
0 0.2234375 0.396875 0.06953125 0.0796875
0 0.66796875 0.3703125 0.053125 0.0578125
0 0.62734375 0.37734375 0.04296875 0.053125
0 0.2671875 0.365625 0.0453125 0.053125
0 0.36796875 0.3484375 0.03125 0.03125
0 0.56953125 0.3578125 0.0453125 0.0484375
0 0.5265625 0.3484375 0.02890625 0.040625
0 0.50703125 0.353125 0.0171875 0.0359375
0 0.490625 0.353125 0.021875 0.03828125
0 0.46171875 0.34375 0.02421875 0.03359375
0 0.42578125 0.353125 0.02890625 0.0359375