1 0.31953125 0.4359375 0.0625 0.0578125
1 0.22578125 0.43046875 0.0578125 0.0671875
0 0.2671875 0.45546875 0.0578125 0.0640625
0 0.4296875 0.45546875 0.046875 0.0484375
0 0.56953125 0.475 0.0375 0.0453125
0 0.540625 0.4453125 0.0390625 0.04375
0 0.5046875 0.446875 0.03125 0.0390625
0 0.2921875 0.45078125 0.0359375 0.053125
1 0.59375 0.44765625 0.0375 0.0484375
1 0.7171875 0.4734375 0.046875 0.0546875
1 0.7890625 0.47421875 0.0421875 0.0484375
0 0.66328125 0.48046875 0.0484375 0.0484375
0 0.76640625 0.51875 0.0578125 0.059375
0 0.88359375 0.49765625 0.034375 0.0390625
0 0.96015625 0.50859375 0.0359375 0.0390625