0 0.625 0.290625 0.15859375 0.1734375
0 0.509375 0.3671875 0.11796875 0.159375
0 0.3078125 0.40390625 0.0625 0.075
0 0.39921875 0.37265625 0.11328125 0.1421875
0 0.89921875 0.3671875 0.08203125 0.11328125
0 0.4546875 0.36953125 0.11796875 0.14453125
0 0.95703125 0.2515625 0.0796875 0.17109375
0 0.62578125 0.06484375 0.1609375 0.1296875
0 0.50859375 0.02265625 0.1203125 0.0453125
0 0.39921875 0.015625 0.115625 0.03125
0 0.4546875 0.01796875 0.1203125 0.0359375
0 0.95625 0.0828125 0.08125 0.165625