0 0.8875 0.46953125 0.0953125 0.096875
0 0.66015625 0.43515625 0.065625 0.0796875
0 0.5453125 0.4328125 0.071875 0.08125
0 0.7796875 0.44921875 0.06875 0.071875
0 0.603125 0.44140625 0.05625 0.06875
0 0.32578125 0.3953125 0.05625 0.0703125
0 0.2015625 0.396875 0.0625 0.0734375
0 0.03671875 0.39609375 0.0578125 0.078125
0 0.27421875 0.4125 0.05625 0.0640625
0 0.359375 0.4125 0.05 0.0609375
0 0.415625 0.4125 0.046875 0.0515625
0 0.97421875 0.47890625 0.0375 0.05
0 0.69453125 0.44453125 0.040625 0.053125
0 0.7296875 0.45390625 0.0375 0.0515625
0 0.93984375 0.09296875 0.0953125 0.0828125
0 0.7125 0.05859375 0.0671875 0.075
0 0.603125 0.03671875 0.071875 0.0609375
0 0.83203125 0.075 0.0703125 0.0734375
0 0.6609375 0.0421875 0.05625 0.0546875
0 0.38125 0.01796875 0.059375 0.0359375
0 0.4171875 0.0125 0.05 0.025
0 0.47109375 0.0171875 0.0484375 0.034375
0 0.74921875 0.0546875 0.040625 0.053125
0 0.784375 0.0578125 0.040625 0.05