1 0.1921875 0.44375 0.05 0.059375
1 0.76171875 0.4234375 0.0453125 0.0515625
1 0.1265625 0.4265625 0.053125 0.0625
1 0.29296875 0.4296875 0.040625 0.05625
1 0.375 0.43515625 0.0421875 0.05625
1 0.41328125 0.44296875 0.0328125 0.0453125
1 0.47578125 0.440625 0.028125 0.0375
1 0.50703125 0.42734375 0.0359375 0.05
1 0.54296875 0.43359375 0.0265625 0.0515625
1 0.571875 0.42265625 0.040625 0.05625
1 0.60546875 0.4359375 0.0359375 0.05
1 0.66796875 0.42890625 0.0421875 0.0546875
1 0.71640625 0.425 0.0421875 0.0515625