0 0.08671875 0.4515625 0.04296875 0.0484375
0 0.14921875 0.4328125 0.05546875 0.0578125
0 0.2671875 0.4375 0.04296875 0.05078125
0 0.6296875 0.44453125 0.06015625 0.071875
0 0.87734375 0.47109375 0.115625 0.1078125
0 0.821875 0.45703125 0.03359375 0.04296875
0 0.7640625 0.44453125 0.0453125 0.06015625
0 0.69921875 0.45703125 0.0359375 0.040625
0 0.59140625 0.446875 0.0359375 0.0625
0 0.5453125 0.46640625 0.05078125 0.0625
0 0.5171875 0.46640625 0.03359375 0.040625
0 0.4640625 0.4515625 0.0578125 0.06015625
0 0.35546875 0.44453125 0.053125 0.05078125