0 0.084375 0.5171875 0.05 0.0546875
0 0.14296875 0.48828125 0.0640625 0.065625
0 0.26015625 0.475 0.05 0.05625
0 0.61953125 0.425 0.0703125 0.0796875
0 0.86796875 0.4125 0.13125 0.125
0 0.8109375 0.40703125 0.040625 0.0484375
0 0.75234375 0.40390625 0.0546875 0.0671875
0 0.68984375 0.4265625 0.0421875 0.0453125
0 0.58203125 0.43359375 0.0453125 0.0671875
0 0.53984375 0.459375 0.059375 0.0703125
0 0.51171875 0.4640625 0.0390625 0.0453125
0 0.45703125 0.4578125 0.0671875 0.06875
0 0.3484375 0.46796875 0.0609375 0.0578125