0 0.1109375 0.353125 0.053125 0.0578125
0 0.17578125 0.35 0.0671875 0.06875
0 0.2890625 0.3828125 0.0546875 0.059375
0 0.6390625 0.47734375 0.075 0.084375
0 0.8734375 0.56328125 0.1375 0.1328125
0 0.82265625 0.5359375 0.04375 0.05
0 0.76953125 0.51015625 0.0578125 0.06875
0 0.70390625 0.50625 0.0453125 0.0484375
0 0.6015625 0.4703125 0.05 0.06875
0 0.55234375 0.478125 0.0640625 0.0734375
0 0.525 0.471875 0.0421875 0.046875
0 0.4765625 0.44453125 0.0703125 0.071875
0 0.3734375 0.4109375 0.0640625 0.0625