0 0.184375 0.328125 0.1125 0.1203125
0 0.87421875 0.38828125 0.0703125 0.09375
0 0.578125 0.3453125 0.0890625 0.1140625
0 0.35859375 0.32109375 0.1015625 0.1125
0 0.75234375 0.33671875 0.1140625 0.1421875
0 0.9703125 0.37578125 0.059375 0.0921875
0 0.52578125 0.3765625 0.0453125 0.0703125
0 0.63046875 0.3640625 0.0453125 0.0703125
0 0.10625 0.34453125 0.053125 0.0703125
0 0.2546875 0.35234375 0.034375 0.0484375
0 0.0359375 0.3515625 0.05625 0.0734375
0 0.475 0.375 0.034375 0.040625
0 0.6578125 0.378125 0.04375 0.0578125
0 0.42578125 0.3859375 0.04375 0.053125
0 0.40703125 0.34609375 0.0375 0.059375
0 0.98671875 0.34140625 0.0265625 0.1296875
0 0.20859375 0.01015625 0.1109375 0.0203125
0 0.6015625 0.02890625 0.0875 0.0515625
0 0.378125 0.02421875 0.1 0.0484375
0 0.77265625 0.05859375 0.1125 0.0890625
0 0.98203125 0.05 0.0359375 0.0375