0 0.1734375 0.35078125 0.10546875 0.11328125
0 0.865625 0.3625 0.06484375 0.0890625
0 0.5671875 0.340625 0.08203125 0.10859375
0 0.34609375 0.33125 0.09375 0.10625
0 0.740625 0.31953125 0.10546875 0.13515625
0 0.96171875 0.34375 0.05546875 0.0890625
0 0.5171875 0.375 0.040625 0.0671875
0 0.6203125 0.35546875 0.040625 0.0671875
0 0.09609375 0.37265625 0.0484375 0.0671875
0 0.2453125 0.36953125 0.03125 0.04609375
0 0.0265625 0.384375 0.05078125 0.06953125
0 0.46640625 0.37734375 0.03125 0.03828125
0 0.64921875 0.3671875 0.040625 0.05546875
0 0.41796875 0.39140625 0.040625 0.05078125
0 0.396875 0.353125 0.03359375 0.0578125
0 0.98046875 0.30703125 0.02890625 0.12734375
0 0.17421875 0.01953125 0.1078125 0.03828125
0 0.56875 0.02265625 0.084375 0.0453125
0 0.3453125 0.02734375 0.096875 0.0546875
0 0.74140625 0.040625 0.1078125 0.08125
0 0.96171875 0.0171875 0.0578125 0.03359375
0 0.98203125 0.04453125 0.03125 0.0890625