0 0.471875 0.44609375 0.0390625 0.053125
0 0.078125 0.45703125 0.059375 0.0640625
0 0.215625 0.46171875 0.053125 0.0609375
0 0.1859375 0.45703125 0.034375 0.0453125
0 0.2765625 0.44609375 0.04375 0.0578125
0 0.3046875 0.4625 0.040625 0.0484375
0 0.35078125 0.46640625 0.04375 0.0578125
0 0.38984375 0.4671875 0.0375 0.05
0 0.64765625 0.434375 0.059375 0.0609375
0 0.953125 0.42734375 0.0375 0.0484375
0 0.92890625 0.43359375 0.0296875 0.0421875
0 0.82109375 0.44609375 0.0484375 0.053125
0 0.7265625 0.4359375 0.04375 0.053125