1 0.115625 0.20078125 0.0703125 0.071875
1 0.403125 0.5 0.0484375 0.05
1 0.69609375 0.65703125 0.0578125 0.0796875
1 0.58046875 0.51484375 0.0390625 0.0375
1 0.54453125 0.48828125 0.04375 0.046875
1 0.13046875 0.3171875 0.0578125 0.0640625
1 0.4578125 0.34921875 0.0453125 0.05
1 0.71953125 0.446875 0.053125 0.0515625
1 0.671875 0.32734375 0.0421875 0.053125
1 0.17734375 0.21328125 0.040625 0.046875
1 0.61328125 0.3078125 0.034375 0.0375
1 0.74453125 0.3 0.0296875 0.0453125
1 0.71328125 0.33984375 0.040625 0.05
1 0.20390625 0.24765625 0.0390625 0.04375
1 0.4109375 0.41640625 0.0421875 0.0421875
1 0.35859375 0.42421875 0.0328125 0.0421875
1 0.434375 0.3203125 0.0328125 0.034375
1 0.38515625 0.42734375 0.0359375 0.04375
1 0.13515625 0.03515625 0.0703125 0.0703125
1 0.70625 0.04609375 0.0421875 0.053125
1 0.1984375 0.03671875 0.040625 0.046875
1 0.6453125 0.05 0.034375 0.0375
1 0.77109375 0.08984375 0.0296875 0.0453125
1 0.74921875 0.04765625 0.0421875 0.0453125
1 0.23359375 0.015625 0.0390625 0.03125
1 0.47421875 0.00625 0.0328125 0.0125