0 0.88359375 0.4359375 0.0890625 0.090625
0 0.65390625 0.42109375 0.059375 0.075
0 0.53984375 0.4296875 0.065625 0.0765625
0 0.7734375 0.425 0.0640625 0.0671875
0 0.59765625 0.43203125 0.0515625 0.065625
0 0.3171875 0.4109375 0.0515625 0.0671875
0 0.19375 0.4234375 0.05625 0.0703125
0 0.02890625 0.43671875 0.0515625 0.075
0 0.2671875 0.43203125 0.0515625 0.0609375
0 0.35234375 0.425 0.0453125 0.0578125
0 0.4078125 0.4203125 0.04375 0.0484375
0 0.9703125 0.4375 0.034375 0.0484375
0 0.6890625 0.428125 0.0359375 0.05
0 0.725 0.434375 0.034375 0.05
0 0.90234375 0.05625 0.0890625 0.0765625
0 0.6734375 0.0421875 0.0609375 0.0703125
0 0.5625 0.02890625 0.0671875 0.05625
0 0.79375 0.04765625 0.065625 0.06875
0 0.6203125 0.0296875 0.053125 0.0515625
0 0.33828125 0.0234375 0.0546875 0.046875
0 0.21640625 0.01171875 0.0578125 0.0234375
0 0.29140625 0.009375 0.0515625 0.01875
0 0.375 0.01640625 0.046875 0.0328125
0 0.42890625 0.01796875 0.0453125 0.0359375
0 0.98671875 0.05390625 0.0265625 0.0484375
0 0.71015625 0.034375 0.0359375 0.05
0 0.7453125 0.03515625 0.0359375 0.046875