0 0.46328125 0.45234375 0.046875 0.0578125
0 0.0765625 0.53046875 0.06875 0.071875
0 0.21328125 0.51171875 0.0609375 0.0671875
0 0.18359375 0.5125 0.040625 0.05
0 0.27109375 0.48515625 0.053125 0.0640625
0 0.3015625 0.496875 0.0484375 0.0546875
0 0.346875 0.49296875 0.053125 0.0640625
0 0.3859375 0.48671875 0.04375 0.0546875
0 0.63359375 0.409375 0.0671875 0.06875
0 0.93359375 0.35 0.04375 0.053125
0 0.9109375 0.36015625 0.0359375 0.0453125
0 0.80703125 0.39140625 0.05625 0.0609375
0 0.71171875 0.396875 0.0515625 0.059375