1 0.4515625 0.36328125 0.1296875 0.1515625
1 0.60703125 0.403125 0.090625 0.1046875
1 0.81796875 0.36875 0.09375 0.1203125
1 0.090625 0.3796875 0.1078125 0.1265625
1 0.21328125 0.38515625 0.1015625 0.1234375
1 0.75234375 0.353125 0.1265625 0.1484375
1 0.53671875 0.4140625 0.0703125 0.0796875
1 0.3875 0.37421875 0.096875 0.1234375
1 0.9359375 0.265625 0.128125 0.134375
1 0.48203125 0.01875 0.1234375 0.0375
1 0.84609375 0.05234375 0.090625 0.05625
1 0.77890625 0.05859375 0.1234375 0.08125
1 0.94140625 0.140625 0.1171875 0.134375