1 0.28125 0.5046875 0.05078125 0.0765625
1 0.8078125 0.50703125 0.06015625 0.06484375
1 0.51953125 0.4828125 0.0453125 0.071875
1 0.384375 0.5 0.0484375 0.06484375
1 0.646875 0.478125 0.053125 0.0671875
1 0.58203125 0.49296875 0.0484375 0.06953125
1 0.71640625 0.36796875 0.0578125 0.071875
1 0.615625 0.35078125 0.053125 0.06953125
1 0.47109375 0.4953125 0.0453125 0.06953125
1 0.52421875 0.23828125 0.0484375 0.071875
1 0.7453125 0.51171875 0.05546875 0.06953125
1 0.15390625 0.49296875 0.0578125 0.0625
1 0.21171875 0.47109375 0.0484375 0.05546875
1 0.2453125 0.428125 0.03828125 0.06015625
1 0.35546875 0.3796875 0.04296875 0.07421875
1 0.46171875 0.365625 0.0359375 0.0625
1 0.52421875 0.025 0.0515625 0.05