1 0.2828125 0.5234375 0.0578125 0.08125
1 0.80703125 0.48046875 0.065625 0.0703125
1 0.51796875 0.48125 0.0515625 0.075
1 0.38515625 0.51015625 0.053125 0.06875
1 0.64453125 0.465625 0.059375 0.071875
1 0.58125 0.4859375 0.0546875 0.0734375
1 0.70390625 0.35 0.0640625 0.0765625
1 0.60234375 0.34140625 0.059375 0.0734375
1 0.47109375 0.49765625 0.0515625 0.0734375
1 0.5015625 0.2375 0.0546875 0.0765625
1 0.7453125 0.490625 0.0609375 0.0734375
1 0.1546875 0.5234375 0.0625 0.0671875
1 0.21015625 0.49609375 0.053125 0.059375
1 0.23984375 0.45078125 0.04375 0.0625
1 0.3453125 0.39296875 0.05 0.078125
1 0.45 0.36953125 0.040625 0.065625
1 0.4828125 0.02578125 0.05625 0.0515625