1 0.1875 0.49765625 0.059375 0.0671875
1 0.74453125 0.3796875 0.053125 0.059375
1 0.11953125 0.4921875 0.0625 0.06875
1 0.28359375 0.4671875 0.0484375 0.0625
1 0.365625 0.4578125 0.0515625 0.0625
1 0.4046875 0.45859375 0.0390625 0.05
1 0.46640625 0.44609375 0.0328125 0.040625
1 0.49375 0.42734375 0.0421875 0.0546875
1 0.53046875 0.42734375 0.034375 0.0546875
1 0.55703125 0.4109375 0.0484375 0.0625
1 0.59296875 0.41875 0.0421875 0.0546875
1 0.653125 0.40078125 0.0515625 0.0609375
1 0.7 0.3890625 0.05 0.0578125