0 0.15234375 0.409375 0.1234375 0.1296875
0 0.8359375 0.30078125 0.0796875 0.0984375
0 0.53828125 0.33125 0.1 0.121875
0 0.31875 0.36015625 0.1109375 0.1203125
0 0.70546875 0.28046875 0.1265625 0.1515625
0 0.92734375 0.265625 0.0703125 0.096875
0 0.4953125 0.37421875 0.0515625 0.0734375
0 0.59375 0.33671875 0.0515625 0.0734375
0 0.08046875 0.44453125 0.059375 0.075
0 0.2265625 0.415625 0.0390625 0.0515625
0 0.02265625 0.46796875 0.0453125 0.0765625
0 0.4453125 0.38515625 0.0375 0.04375
0 0.62421875 0.34296875 0.05 0.0609375
0 0.4 0.40703125 0.0484375 0.0578125
0 0.37265625 0.3734375 0.04375 0.0625
0 0.93984375 0.2265625 0.05 0.1296875
0 0.09609375 0.08359375 0.1125 0.05625
0 0.484375 0.0234375 0.090625 0.046875
0 0.265625 0.06171875 0.1046875 0.0703125
0 0.65703125 0.02734375 0.1203125 0.0546875