1 0.2828125 0.47421875 0.0609375 0.0828125
1 0.80390625 0.55 0.06875 0.071875
1 0.521875 0.4859375 0.0546875 0.078125
1 0.38515625 0.48359375 0.05625 0.0703125
1 0.6484375 0.4984375 0.0625 0.0734375
1 0.58203125 0.5046875 0.0578125 0.075
1 0.7328125 0.39921875 0.0671875 0.0796875
1 0.63515625 0.36796875 0.0625 0.0765625
1 0.471875 0.49140625 0.0546875 0.075
1 0.56015625 0.24453125 0.0578125 0.078125
1 0.74140625 0.54609375 0.0640625 0.0765625
1 0.15859375 0.44453125 0.065625 0.0703125
1 0.21875 0.43125 0.05625 0.0609375
1 0.2578125 0.39375 0.046875 0.065625
1 0.3734375 0.3609375 0.053125 0.0796875
1 0.48046875 0.36171875 0.04375 0.0671875
1 0.58984375 0.0328125 0.0578125 0.05625