1 0.43984375 0.36796875 0.11796875 0.1421875
1 0.5984375 0.39453125 0.08203125 0.0984375
1 0.80546875 0.34140625 0.084375 0.11328125
1 0.08203125 0.415625 0.0984375 0.11796875
1 0.2046875 0.4109375 0.09140625 0.115625
1 0.73828125 0.33203125 0.115625 0.1390625
1 0.52890625 0.4109375 0.06484375 0.07421875
1 0.37734375 0.384375 0.08671875 0.115625
1 0.92578125 0.228125 0.1421875 0.12265625
1 0.43984375 0.01796875 0.1203125 0.0359375
1 0.80546875 0.02421875 0.08671875 0.0484375
1 0.7390625 0.0359375 0.11796875 0.071875
1 0.92578125 0.103125 0.1421875 0.12265625