1 0.08203125 0.25 0.0625 0.06484375
1 0.40390625 0.51171875 0.04296875 0.0453125
1 0.7140625 0.63203125 0.0484375 0.07421875
1 0.58203125 0.5046875 0.0359375 0.03359375
1 0.54296875 0.4828125 0.03828125 0.04296875
1 0.1109375 0.36328125 0.05078125 0.0578125
1 0.43984375 0.35546875 0.040625 0.0453125
1 0.71171875 0.4203125 0.0484375 0.0453125
1 0.64921875 0.3078125 0.0359375 0.0484375
1 0.14453125 0.2546875 0.0359375 0.04296875
1 0.5890625 0.2953125 0.03125 0.03359375
1 0.71875 0.271875 0.02421875 0.04296875
1 0.6921875 0.31484375 0.0359375 0.0453125
1 0.17578125 0.2859375 0.03359375 0.040625
1 0.4015625 0.428125 0.03828125 0.03828125
1 0.35078125 0.4421875 0.02890625 0.03828125
1 0.41328125 0.3296875 0.02890625 0.03125
1 0.37734375 0.4421875 0.03125 0.040625
1 0.08203125 0.08203125 0.0625 0.06484375
1 0.64921875 0.02421875 0.0359375 0.0484375
1 0.14453125 0.0765625 0.0359375 0.04296875
1 0.5890625 0.0359375 0.03125 0.03359375
1 0.71875 0.06015625 0.02421875 0.04296875
1 0.6921875 0.0203125 0.03828125 0.040625
1 0.17578125 0.0453125 0.03359375 0.040625
1 0.4140625 0.009375 0.03125 0.01875