0 0.47578125 0.44453125 0.0359375 0.05078125
0 0.08203125 0.42734375 0.05546875 0.06015625
0 0.21875 0.4421875 0.0484375 0.0578125
0 0.18984375 0.43515625 0.03125 0.04375
0 0.28125 0.43046875 0.040625 0.05546875
0 0.3078125 0.44921875 0.03828125 0.04609375
0 0.353125 0.45625 0.040625 0.05546875
0 0.3921875 0.459375 0.03359375 0.0484375
0 0.6515625 0.44453125 0.05546875 0.0578125
0 0.95703125 0.459375 0.03359375 0.04609375
0 0.9328125 0.4640625 0.0265625 0.040625
0 0.82421875 0.46875 0.0453125 0.05078125
0 0.73046875 0.4515625 0.040625 0.05078125