1 0.12109375 0.19453125 0.0703125 0.0734375
1 0.403125 0.4984375 0.0484375 0.0515625
1 0.69375 0.66015625 0.0578125 0.0796875
1 0.58046875 0.51640625 0.040625 0.0375
1 0.5453125 0.4890625 0.04375 0.0484375
1 0.13359375 0.31015625 0.0578125 0.0640625
1 0.46015625 0.3484375 0.046875 0.05
1 0.72109375 0.45078125 0.0546875 0.0515625
1 0.67421875 0.33046875 0.0421875 0.053125
1 0.18203125 0.2078125 0.0421875 0.046875
1 0.61640625 0.309375 0.0359375 0.0375
1 0.7484375 0.3046875 0.0296875 0.0453125
1 0.71640625 0.34375 0.0421875 0.05
1 0.20859375 0.24296875 0.0390625 0.0453125
1 0.4125 0.41484375 0.04375 0.04375
1 0.36015625 0.421875 0.034375 0.0421875
1 0.4375 0.31953125 0.0328125 0.034375
1 0.38671875 0.42578125 0.0359375 0.0453125
1 0.14453125 0.03203125 0.0703125 0.0640625
1 0.7140625 0.05 0.0421875 0.053125
1 0.20703125 0.03125 0.0421875 0.046875
1 0.653125 0.053125 0.0359375 0.0375
1 0.778125 0.09453125 0.0296875 0.0453125
1 0.75703125 0.0515625 0.04375 0.0453125
1 0.24140625 0.01328125 0.0390625 0.0265625
1 0.48203125 0.00703125 0.0328125 0.0140625