1 0.19453125 0.4328125 0.0484375 0.0578125
1 0.7640625 0.4328125 0.04296875 0.05078125
1 0.1296875 0.41328125 0.05078125 0.06015625
1 0.2953125 0.42265625 0.03828125 0.05546875
1 0.37734375 0.43046875 0.040625 0.05546875
1 0.415625 0.43984375 0.03125 0.04375
1 0.478125 0.43984375 0.0265625 0.0359375
1 0.509375 0.42734375 0.03359375 0.0484375
1 0.5453125 0.43515625 0.02421875 0.05078125
1 0.57421875 0.425 0.03828125 0.05546875
1 0.6078125 0.43984375 0.03359375 0.0484375
1 0.6703125 0.43515625 0.040625 0.053125
1 0.71875 0.4328125 0.040625 0.05078125