0 0.8796875 0.415625 0.084375 0.08671875
0 0.64921875 0.41328125 0.05546875 0.07265625
0 0.5359375 0.42734375 0.0625 0.07265625
0 0.76953125 0.4109375 0.06015625 0.06484375
0 0.59375 0.42734375 0.0484375 0.0625
0 0.3125 0.4203125 0.0484375 0.06484375
0 0.18984375 0.43984375 0.053125 0.0671875
0 0.0265625 0.46171875 0.0484375 0.07265625
0 0.2640625 0.44453125 0.0484375 0.0578125
0 0.3484375 0.4328125 0.04296875 0.05546875
0 0.40390625 0.425 0.040625 0.04609375
0 0.96640625 0.41328125 0.03125 0.04609375
0 0.68515625 0.41796875 0.03359375 0.0484375
0 0.72109375 0.42265625 0.03125 0.0484375
0 0.87890625 0.0359375 0.0859375 0.071875
0 0.64921875 0.03359375 0.0578125 0.0671875
0 0.5375 0.0265625 0.06484375 0.053125
0 0.76953125 0.0328125 0.0625 0.06484375
0 0.5953125 0.02421875 0.05078125 0.0484375
0 0.31328125 0.02734375 0.0515625 0.0546875
0 0.19140625 0.01953125 0.05546875 0.03828125
0 0.0265625 0.009375 0.05 0.01875
0 0.265625 0.01484375 0.05078125 0.02890625
0 0.35 0.01953125 0.0453125 0.03828125
0 0.40390625 0.0203125 0.04296875 0.040625
0 0.96640625 0.02890625 0.03125 0.04609375
0 0.68515625 0.02421875 0.03359375 0.0484375
0 0.7203125 0.02265625 0.034375 0.0453125