1 0.52421875 0.43984375 0.06953125 0.0890625
1 0.86796875 0.46171875 0.09375 0.11796875
1 0.709375 0.459375 0.08203125 0.10546875
1 0.4640625 0.43515625 0.05546875 0.084375
1 0.9375 0.41796875 0.0625 0.08203125
1 0.40390625 0.42578125 0.05546875 0.09140625
1 0.36796875 0.428125 0.05078125 0.09375
1 0.30078125 0.44921875 0.0453125 0.06953125
1 0.70703125 0.459375 0.08671875 0.09375
1 0.7234375 0.4015625 0.0578125 0.06953125
1 0.771875 0.4234375 0.05078125 0.0671875
1 0.90859375 0.4640625 0.0578125 0.103125