1 0.14609375 0.55546875 0.0546875 0.0640625
1 0.1359375 0.34921875 0.0359375 0.0453125
1 0.421875 0.209375 0.0375 0.04375
1 0.221875 0.42890625 0.05 0.053125
1 0.30078125 0.33671875 0.040625 0.0484375
1 0.49375 0.38125 0.0453125 0.046875
1 0.97734375 0.534375 0.0453125 0.0625
1 0.91875 0.38203125 0.05 0.059375
1 0.61484375 0.3625 0.0421875 0.046875
1 0.63359375 0.27578125 0.04375 0.05
1 0.5078125 0.3515625 0.0390625 0.04375
1 0.09375 0.10859375 0.0359375 0.0453125
1 0.41015625 0.14296875 0.0375 0.04375
1 0.25234375 0.06328125 0.040625 0.0484375
1 0.5859375 0.015625 0.04375 0.03125