1 0.1421875 0.49296875 0.0453125 0.0578125
1 0.16796875 0.28828125 0.02890625 0.040625
1 0.4734375 0.2 0.03125 0.03828125
1 0.23828125 0.38203125 0.04296875 0.04609375
1 0.33203125 0.3046875 0.03359375 0.04375
1 0.5140625 0.38203125 0.03828125 0.040625
1 0.97109375 0.61796875 0.0484375 0.05546875
1 0.9328125 0.45625 0.040625 0.053125
1 0.63671875 0.384375 0.0359375 0.040625
1 0.6703125 0.30234375 0.0359375 0.04375
1 0.53359375 0.35546875 0.03359375 0.03828125
1 0.16796875 0.04375 0.02890625 0.040625
1 0.4734375 0.1328125 0.03125 0.03828125
1 0.33203125 0.0265625 0.03359375 0.04375
1 0.6703125 0.02890625 0.0359375 0.04375