1 0.1515625 0.41875 0.05625 0.065625
1 0.21953125 0.22421875 0.0375 0.0453125
1 0.53671875 0.20078125 0.0390625 0.04375
1 0.26875 0.33046875 0.0515625 0.0546875
1 0.3765625 0.27421875 0.0421875 0.05
1 0.53828125 0.3875 0.0453125 0.0484375
1 0.9359375 0.71328125 0.059375 0.0640625
1 0.9328125 0.546875 0.0515625 0.0609375
1 0.6578125 0.415625 0.04375 0.046875
1 0.7078125 0.3421875 0.04375 0.05
1 0.56328125 0.365625 0.040625 0.04375
1 0.55 0.13515625 0.0390625 0.04375
1 0.43359375 0.01328125 0.0421875 0.0265625
1 0.76484375 0.075 0.04375 0.05