1 0.8390625 0.2984375 0.071875 0.09375
1 0.3265625 0.29296875 0.0671875 0.096875
1 0.1828125 0.2859375 0.065625 0.0875
1 0.47578125 0.2984375 0.090625 0.11875
1 0.646875 0.3171875 0.0578125 0.075
1 0.790625 0.3171875 0.053125 0.06875
1 0.14453125 0.31484375 0.040625 0.059375
1 0.83984375 0.03828125 0.075 0.0765625
1 0.328125 0.0421875 0.06875 0.084375
1 0.18203125 0.04296875 0.0671875 0.0859375
1 0.47734375 0.04453125 0.09375 0.0890625
1 0.64765625 0.02421875 0.059375 0.0484375
1 0.7921875 0.02265625 0.05625 0.0453125
1 0.14453125 0.021875 0.04375 0.04375