1 0.85546875 0.3390625 0.0671875 0.09140625
1 0.1828125 0.321875 0.06953125 0.0890625
1 0.646875 0.3609375 0.0484375 0.06484375
1 0.91328125 0.375 0.0453125 0.0671875
1 0.34375 0.33203125 0.05078125 0.0796875
1 0.446875 0.33671875 0.05078125 0.0765625
1 0.52890625 0.35546875 0.0453125 0.053125
1 0.58203125 0.37265625 0.03125 0.0453125
1 0.70703125 0.384375 0.03359375 0.0484375
1 0.27421875 0.3609375 0.03359375 0.03359375
1 0.1828125 0.015625 0.071875 0.03125
1 0.34375 0.00859375 0.053125 0.0171875