0 0.2078125 0.29609375 0.0921875 0.1171875
0 0.74296875 0.30859375 0.071875 0.096875
0 0.04921875 0.340625 0.0625 0.09375
0 0.80546875 0.31796875 0.0484375 0.071875
0 0.43125 0.33515625 0.0484375 0.0671875
0 0.1515625 0.32578125 0.0515625 0.0703125
0 0.57265625 0.32265625 0.0484375 0.059375
0 0.38671875 0.30390625 0.05625 0.0703125
0 0.4765625 0.325 0.0359375 0.0421875
0 0.65 0.3265625 0.0359375 0.059375
0 0.7046875 0.315625 0.0390625 0.05
0 0.85234375 0.3296875 0.0515625 0.0703125
0 0.9671875 0.3234375 0.040625 0.090625
0 0.6234375 0.33671875 0.0328125 0.046875