1 0.134375 0.3703125 0.0984375 0.11875
1 0.871875 0.33984375 0.0796875 0.1
1 0.36796875 0.3953125 0.0546875 0.071875
1 0.08515625 0.3890625 0.0390625 0.065625
0 0.571875 0.3296875 0.06875 0.08125
0 0.28046875 0.39140625 0.06875 0.0796875
0 0.4328125 0.37109375 0.0640625 0.0796875
0 0.71875 0.36015625 0.0578125 0.0640625
0 0.80703125 0.3453125 0.0578125 0.06875
0 0.4921875 0.35546875 0.0640625 0.075
1 0.10625 0.0625 0.096875 0.0671875
1 0.05625 0.04765625 0.0375 0.025
0 0.5453125 0.02109375 0.06875 0.0421875
0 0.403125 0.01328125 0.0609375 0.01875
0 0.4625 0.0125 0.0625 0.025