1 0.73515625 0.27890625 0.0734375 0.0765625
1 0.31171875 0.28984375 0.1 0.1
1 0.82578125 0.2671875 0.140625 0.15
1 0.16328125 0.32734375 0.090625 0.0921875
1 0.4546875 0.59921875 0.065625 0.0609375
1 0.19765625 0.3109375 0.065625 0.0875
1 0.03359375 0.52265625 0.0671875 0.0921875
1 0.0671875 0.3328125 0.046875 0.059375
1 0.12265625 0.33359375 0.0546875 0.0609375
1 0.4765625 0.4109375 0.0625 0.05625
1 0.40625 0.41796875 0.0484375 0.0546875
1 0.7171875 0.1078125 0.0734375 0.0765625
1 0.30078125 0.18515625 0.1 0.1
1 0.80859375 0.10078125 0.140625 0.15
1 0.14765625 0.1796875 0.090625 0.0921875
1 0.49375 0.96953125 0.065625 0.0609375
1 0.184375 0.1875 0.065625 0.0875
1 0.05234375 0.19453125 0.046875 0.059375
1 0.10703125 0.18125 0.0546875 0.0609375
1 0.43671875 0.0328125 0.0625 0.05625
1 0.3671875 0.040625 0.0484375 0.0546875