1 0.24296875 0.44921875 0.0671875 0.0765625
1 0.71171875 0.43046875 0.06015625 0.0796875
1 0.5796875 0.4640625 0.0578125 0.08671875
1 0.0796875 0.415625 0.103125 0.1078125
1 0.14921875 0.375 0.13671875 0.1421875
1 0.040625 0.43046875 0.06953125 0.084375
1 0.85078125 0.43515625 0.09609375 0.103125
1 0.4515625 0.4375 0.06015625 0.0765625
1 0.2953125 0.44921875 0.05078125 0.0625
1 0.7109375 0.0140625 0.0625 0.028125
1 0.0796875 0.02890625 0.10546875 0.0578125
1 0.14921875 0.0578125 0.1390625 0.115625
1 0.040625 0.015625 0.071875 0.03125
1 0.85234375 0.01796875 0.0984375 0.0359375
1 0.4515625 0.0109375 0.0625 0.021875