1 0.08671875 0.33671875 0.0453125 0.05546875
0 0.1828125 0.3171875 0.05078125 0.05078125
0 0.30546875 0.30546875 0.0578125 0.06015625
0 0.2328125 0.3296875 0.03828125 0.0453125
0 0.4203125 0.3296875 0.04296875 0.0453125
0 0.4734375 0.3390625 0.03125 0.03359375
0 0.571875 0.28359375 0.08203125 0.08671875
0 0.6109375 0.2953125 0.040625 0.0484375
0 0.875 0.33671875 0.1109375 0.11328125
1 0.08671875 0.0171875 0.0484375 0.03359375
0 0.1828125 0.025 0.053125 0.05
0 0.30546875 0.0359375 0.0578125 0.06015625
0 0.234375 0.01796875 0.040625 0.0359375
0 0.421875 0.01796875 0.0453125 0.0359375
0 0.4734375 0.0109375 0.03359375 0.021875
0 0.571875 0.0578125 0.08203125 0.08671875
0 0.6109375 0.0453125 0.040625 0.0484375
0 0.8765625 0.03125 0.11328125 0.0625