1 0.06171875 0.4265625 0.05625 0.0640625
0 0.1515625 0.3875 0.0609375 0.0609375
0 0.26953125 0.35 0.06875 0.0703125
0 0.203125 0.3890625 0.046875 0.0515625
0 0.38671875 0.35 0.0515625 0.053125
0 0.440625 0.3484375 0.0375 0.0390625
0 0.525 0.2734375 0.0984375 0.1015625
0 0.565625 0.2765625 0.05 0.05625
0 0.8328125 0.2625 0.1328125 0.134375
1 0.0109375 0.11328125 0.021875 0.0421875
0 0.090625 0.1015625 0.0625 0.059375
0 0.21328125 0.08671875 0.06875 0.0703125
0 0.13984375 0.08359375 0.046875 0.04375
0 0.3234375 0.04453125 0.0515625 0.0453125
0 0.37265625 0.02734375 0.0375 0.028125
0 0.478125 0.05234375 0.0984375 0.1015625
0 0.5140625 0.03203125 0.05 0.05625