1 0.75703125 0.3046875 0.0671875 0.06953125
1 0.334375 0.27109375 0.09140625 0.09140625
1 0.8484375 0.30234375 0.12734375 0.1375
1 0.1828125 0.29296875 0.08203125 0.084375
1 0.44453125 0.59375 0.06015625 0.05546875
1 0.21875 0.28046875 0.0578125 0.08203125
1 0.03359375 0.4734375 0.0578125 0.08671875
1 0.08671875 0.28828125 0.040625 0.05546875
1 0.1421875 0.2953125 0.0484375 0.05546875
1 0.4859375 0.40859375 0.0578125 0.05078125
1 0.415625 0.40859375 0.04296875 0.05078125
1 0.75703125 0.1328125 0.0671875 0.06953125
1 0.334375 0.16640625 0.09140625 0.09140625
1 0.8484375 0.13515625 0.12734375 0.1375
1 0.1828125 0.14453125 0.08203125 0.084375
1 0.44453125 0.96640625 0.06015625 0.05546875
1 0.21875 0.15625 0.0578125 0.08203125
1 0.08671875 0.14921875 0.040625 0.05546875
1 0.1421875 0.1421875 0.0484375 0.05546875
1 0.4859375 0.02890625 0.0578125 0.05078125
1 0.415625 0.02890625 0.04296875 0.05078125