1 0.13203125 0.3765625 0.1 0.1203125
1 0.86875 0.3328125 0.08125 0.1
1 0.365625 0.39765625 0.0546875 0.071875
1 0.0828125 0.39609375 0.040625 0.065625
0 0.56953125 0.32890625 0.0703125 0.0828125
0 0.278125 0.3953125 0.0703125 0.0796875
0 0.43046875 0.371875 0.065625 0.0796875
0 0.71640625 0.35625 0.059375 0.065625
0 0.8046875 0.33984375 0.059375 0.0703125
0 0.48984375 0.35546875 0.0640625 0.075
1 0.09921875 0.06953125 0.0984375 0.06875
1 0.0484375 0.05546875 0.0375 0.025
0 0.5375 0.02109375 0.06875 0.0421875
0 0.39453125 0.015625 0.0609375 0.0203125
0 0.4546875 0.01328125 0.0625 0.0265625