1 0.459375 0.33671875 0.078125 0.1
1 0.6390625 0.328125 0.0890625 0.0953125
1 0.128125 0.35390625 0.0875 0.1078125
1 0.8515625 0.2734375 0.13125 0.1375
1 0.56328125 0.3421875 0.065625 0.075
1 0.21640625 0.35078125 0.09375 0.1375
1 0.27109375 0.34375 0.065625 0.0890625
1 0.43203125 0.0265625 0.075 0.0515625
1 0.6109375 0.0140625 0.0875 0.028125
1 0.10234375 0.0640625 0.0875 0.06875
1 0.83046875 0.0328125 0.1296875 0.065625
1 0.53359375 0.0078125 0.0640625 0.015625
1 0.1921875 0.0609375 0.090625 0.0796875
1 0.24609375 0.0453125 0.065625 0.0546875