0 0.21875 0.28125 0.08671875 0.11328125
0 0.75234375 0.321875 0.0671875 0.09375
0 0.0578125 0.3171875 0.0578125 0.09140625
0 0.81484375 0.334375 0.0453125 0.06953125
0 0.43984375 0.33203125 0.0453125 0.06484375
0 0.1609375 0.3078125 0.0484375 0.0671875
0 0.58203125 0.3265625 0.0453125 0.0578125
0 0.396875 0.2984375 0.053125 0.0671875
0 0.4859375 0.32421875 0.03359375 0.040625
0 0.65859375 0.334375 0.03359375 0.0578125
0 0.7140625 0.3265625 0.0359375 0.0484375
0 0.8609375 0.3484375 0.0484375 0.0671875
0 0.97578125 0.3484375 0.0359375 0.0890625
0 0.63203125 0.34375 0.03125 0.0453125