1 0.8890625 0.634375 0.0484375 0.05546875
1 0.2859375 0.2546875 0.0453125 0.05078125
1 0.34375 0.63671875 0.04296875 0.04296875
0 0.64921875 0.25703125 0.0484375 0.0453125
0 0.43046875 0.6703125 0.0359375 0.04296875
0 0.78359375 0.66328125 0.0359375 0.04296875
0 0.978125 0.6921875 0.0359375 0.0453125
0 0.0171875 0.665625 0.03125 0.04296875
1 0.2859375 0.0578125 0.0453125 0.05078125
0 0.64921875 0.05546875 0.0484375 0.0453125
0 0.43046875 0.99296875 0.03828125 0.009375
0 0.978125 0.98046875 0.03828125 0.03359375