1 0.05859375 0.44921875 0.0578125 0.065625
0 0.14609375 0.40546875 0.0625 0.0625
0 0.26171875 0.3625 0.071875 0.0734375
0 0.19765625 0.4046875 0.0484375 0.053125
0 0.37890625 0.35625 0.053125 0.0546875
0 0.4328125 0.3515625 0.0390625 0.040625
0 0.51328125 0.27265625 0.1015625 0.1046875
0 0.55390625 0.2734375 0.0515625 0.0578125
0 0.8203125 0.2453125 0.1359375 0.1375
0 0.0703125 0.1234375 0.0640625 0.0625
0 0.1921875 0.10234375 0.071875 0.0734375
0 0.11875 0.103125 0.0484375 0.0453125
0 0.3 0.0546875 0.053125 0.046875
0 0.34765625 0.034375 0.0375 0.0296875
0 0.4546875 0.05390625 0.1015625 0.1046875
0 0.48984375 0.03203125 0.0515625 0.0578125