1 0.7921875 0.3625 0.0796875 0.08125
1 0.3859375 0.24140625 0.1078125 0.1078125
1 0.88203125 0.37890625 0.153125 0.1609375
1 0.2328125 0.23125 0.0984375 0.1
1 0.4265625 0.58046875 0.0703125 0.0671875
1 0.2703125 0.2265625 0.0734375 0.0921875
1 0.04921875 0.37734375 0.075 0.096875
1 0.13984375 0.20703125 0.0515625 0.0625
1 0.1921875 0.22578125 0.059375 0.0640625
1 0.50546875 0.4078125 0.0671875 0.0609375
1 0.43671875 0.39296875 0.053125 0.059375
1 0.828125 0.19453125 0.0796875 0.08125
1 0.40703125 0.1390625 0.1078125 0.1078125
1 0.91640625 0.215625 0.153125 0.1609375
1 0.26328125 0.08671875 0.0984375 0.1
1 0.3484375 0.94453125 0.0703125 0.0671875
1 0.29609375 0.10546875 0.0734375 0.0921875
1 0.16875 0.07109375 0.0515625 0.0625
1 0.22421875 0.07578125 0.059375 0.0640625
1 0.584375 0.0359375 0.0671875 0.0609375
1 0.515625 0.02578125 0.053125 0.0515625