0 0.2265625 0.271875 0.090625 0.115625
0 0.75859375 0.33046875 0.0703125 0.0953125
0 0.06484375 0.3015625 0.0609375 0.09375
0 0.8203125 0.3453125 0.0484375 0.0703125
0 0.44609375 0.3296875 0.046875 0.065625
0 0.16796875 0.29609375 0.05 0.06875
0 0.58828125 0.3296875 0.046875 0.059375
0 0.40390625 0.2953125 0.0546875 0.06875
0 0.4921875 0.32421875 0.034375 0.0421875
0 0.6640625 0.33984375 0.0359375 0.059375
0 0.7203125 0.334375 0.0375 0.05
0 0.865625 0.3609375 0.05 0.06875
0 0.98046875 0.36484375 0.0390625 0.090625
0 0.6375 0.3484375 0.0328125 0.046875