1 0.50546875 0.33125 0.0859375 0.1046875
1 0.68125 0.37265625 0.096875 0.103125
1 0.1828125 0.25703125 0.096875 0.115625
1 0.90078125 0.37890625 0.1421875 0.1484375
1 0.60390625 0.365625 0.071875 0.0796875
1 0.26875 0.278125 0.1046875 0.14375
1 0.3234375 0.28671875 0.0734375 0.09375
1 0.56484375 0.02734375 0.0796875 0.0546875
1 0.74375 0.05625 0.0890625 0.0515625
1 0.940625 0.125 0.11875 0.1125
1 0.66875 0.0328125 0.065625 0.0296875
1 0.325 0.01796875 0.096875 0.0359375
1 0.38125 0.01171875 0.06875 0.0234375