1 0.23984375 0.471875 0.0734375 0.0828125
1 0.7046875 0.4125 0.0671875 0.084375
1 0.5765625 0.45703125 0.065625 0.0921875
1 0.07421875 0.45234375 0.1125 0.115625
1 0.13984375 0.40625 0.1484375 0.153125
1 0.03671875 0.4703125 0.0734375 0.090625
1 0.84375 0.4046875 0.1046875 0.1109375
1 0.44609375 0.4421875 0.0671875 0.08125
1 0.29140625 0.4671875 0.05625 0.0671875
1 0.66796875 0.00703125 0.0640625 0.0140625
1 0.046875 0.06640625 0.09375 0.0671875
1 0.11171875 0.08984375 0.1484375 0.1265625
1 0.01875 0.0578125 0.0375 0.0375
1 0.80859375 0.00546875 0.1015625 0.0109375
1 0.409375 0.0171875 0.0640625 0.0265625