0 0.06015625 0.32421875 0.071875 0.0890625
0 0.365625 0.40859375 0.05078125 0.0625
0 0.16796875 0.35546875 0.0453125 0.0578125
0 0.08203125 0.35546875 0.0453125 0.06015625
0 0.31484375 0.35078125 0.0359375 0.0453125
0 0.3796875 0.3390625 0.0453125 0.04296875
0 0.4734375 0.375 0.0359375 0.0453125
0 0.46875 0.3390625 0.0359375 0.04296875
0 0.5140625 0.3578125 0.04296875 0.0484375
0 0.59609375 0.353125 0.0265625 0.0484375
0 0.65390625 0.3609375 0.03828125 0.05546875
0 0.7234375 0.334375 0.05078125 0.0671875
0 0.834375 0.36328125 0.03359375 0.04296875