1 0.325 0.58515625 0.0859375 0.0875
1 0.88046875 0.3625 0.078125 0.0890625
1 0.196875 0.44921875 0.059375 0.0515625
1 0.696875 0.30390625 0.053125 0.05625
1 0.63203125 0.2796875 0.0390625 0.046875
1 0.04921875 0.39609375 0.0359375 0.0421875
1 0.61328125 0.30546875 0.0359375 0.0421875
1 0.52578125 0.29375 0.0328125 0.0390625
1 0.4828125 0.2984375 0.0421875 0.046875
1 0.56484375 0.00859375 0.0390625 0.0171875
1 0.0046875 0.14296875 0.009375 0.0421875
1 0.46484375 0.02734375 0.0328125 0.0390625
1 0.4234375 0.04140625 0.0421875 0.046875