1 0.06953125 0.43515625 0.0484375 0.05546875
1 0.196875 0.43046875 0.04296875 0.0578125
1 0.34375 0.4375 0.0484375 0.0578125
1 0.2984375 0.47109375 0.03359375 0.0453125
1 0.4015625 0.47578125 0.03125 0.05078125
1 0.4546875 0.446875 0.05078125 0.05078125
1 0.490625 0.45703125 0.03125 0.0484375
1 0.5359375 0.48046875 0.03125 0.0453125
1 0.57421875 0.47109375 0.04296875 0.05078125
1 0.6296875 0.4515625 0.0265625 0.0453125
1 0.65390625 0.46640625 0.03828125 0.05546875
1 0.7015625 0.4515625 0.040625 0.0578125
1 0.7953125 0.47109375 0.03828125 0.0453125
1 0.9328125 0.46875 0.05078125 0.06015625
1 0.06953125 0.084375 0.0484375 0.05546875
1 0.196875 0.0890625 0.04296875 0.0578125
1 0.34375 0.08203125 0.0484375 0.0578125
1 0.2984375 0.0484375 0.03359375 0.0453125
1 0.29921875 0.98828125 0.0359375 0.01953125
1 0.4015625 0.04296875 0.03125 0.05078125
1 0.4015625 0.984375 0.03359375 0.0265625
1 0.4546875 0.071875 0.05078125 0.05078125
1 0.490625 0.0625 0.03125 0.0484375
1 0.5359375 0.03828125 0.03125 0.0453125
1 0.5359375 0.9828125 0.03359375 0.02890625
1 0.57421875 0.0484375 0.04296875 0.05078125
1 0.57578125 0.98671875 0.0453125 0.021875
1 0.6296875 0.0671875 0.0265625 0.0453125
1 0.65390625 0.053125 0.03828125 0.05546875
1 0.6546875 0.98828125 0.040625 0.01953125
1 0.7015625 0.0671875 0.040625 0.0578125
1 0.7953125 0.0484375 0.03828125 0.0453125
1 0.796875 0.98828125 0.040625 0.01953125
1 0.9328125 0.05078125 0.05078125 0.06015625
1 0.9328125 0.9859375 0.053125 0.02421875