1 0.89453125 0.43046875 0.0578125 0.071875
1 0.40390625 0.5578125 0.0578125 0.06875
1 0.271875 0.6109375 0.059375 0.06875
1 0.69921875 0.58203125 0.0484375 0.065625
1 0.040625 0.428125 0.0359375 0.0453125
1 0.2671875 0.428125 0.034375 0.034375
1 0.3171875 0.40625 0.034375 0.040625
1 0.6296875 0.5625 0.05625 0.065625
1 0.81484375 0.56015625 0.053125 0.05625
1 0.9421875 0.428125 0.05625 0.0578125
1 0.603125 0.48828125 0.028125 0.034375
1 0.4859375 0.4234375 0.028125 0.034375
1 0.72578125 0.4859375 0.028125 0.0359375