1 0.15859375 0.46171875 0.0703125 0.0765625
1 0.384375 0.465625 0.0390625 0.05625
1 0.21640625 0.47890625 0.0515625 0.0625
1 0.25 0.47734375 0.040625 0.059375
1 0.29375 0.471875 0.0453125 0.0625
0 0.3234375 0.4828125 0.040625 0.05
1 0.4125 0.459375 0.0328125 0.0515625
0 0.4390625 0.45625 0.03125 0.04375
0 0.571875 0.4328125 0.0359375 0.04375
0 0.85390625 0.38359375 0.05 0.0609375
0 0.75625 0.39296875 0.0453125 0.05
0 0.63984375 0.43203125 0.046875 0.0546875
0 0.66796875 0.40625 0.040625 0.0484375
0 0.59921875 0.425 0.0390625 0.05
0 0.55234375 0.43515625 0.028125 0.0359375