1 0.1921875 0.346875 0.0765625 0.08125
1 0.403125 0.428125 0.0453125 0.059375
1 0.240625 0.38359375 0.0578125 0.0671875
1 0.27265625 0.39296875 0.0453125 0.0609375
1 0.315625 0.403125 0.05 0.065625
0 0.33984375 0.4234375 0.0453125 0.053125
1 0.43125 0.43203125 0.0375 0.053125
0 0.45703125 0.43828125 0.034375 0.0453125
0 0.590625 0.46171875 0.0390625 0.046875
0 0.87265625 0.51171875 0.0546875 0.0640625
0 0.77734375 0.48671875 0.05 0.0546875
0 0.6546875 0.48359375 0.0515625 0.059375
0 0.68984375 0.46953125 0.0453125 0.05
0 0.61875 0.46328125 0.04375 0.053125
0 0.571875 0.45703125 0.03125 0.0375