0 0.0390625 0.41953125 0.078125 0.1015625
0 0.34921875 0.43828125 0.0625 0.071875
0 0.1453125 0.42734375 0.05625 0.065625
0 0.0609375 0.4453125 0.05625 0.06875
0 0.2875 0.3921875 0.0453125 0.0515625
0 0.34921875 0.36796875 0.053125 0.0515625
0 0.44765625 0.38359375 0.0453125 0.0515625
0 0.4359375 0.34921875 0.04375 0.05
0 0.484375 0.3578125 0.0515625 0.05625
0 0.56328125 0.33671875 0.0359375 0.053125
0 0.621875 0.33203125 0.0484375 0.0625
0 0.684375 0.29140625 0.0640625 0.0765625
0 0.7984375 0.296875 0.0421875 0.0484375