1 0.165625 0.4203125 0.0625 0.06953125
1 0.3890625 0.4515625 0.03359375 0.053125
1 0.22109375 0.44453125 0.0453125 0.0578125
1 0.2546875 0.446875 0.03359375 0.05546875
1 0.2984375 0.446875 0.03828125 0.0578125
0 0.3265625 0.46171875 0.0359375 0.04609375
1 0.41796875 0.44921875 0.0265625 0.0484375
0 0.44453125 0.44921875 0.0265625 0.040625
0 0.5796875 0.4421875 0.03125 0.040625
0 0.865625 0.42734375 0.04296875 0.05546875
0 0.7671875 0.425 0.040625 0.04609375
0 0.646875 0.44921875 0.040625 0.05078125
0 0.678125 0.42734375 0.0359375 0.04375
0 0.6078125 0.4375 0.03359375 0.04609375
0 0.56015625 0.4421875 0.02421875 0.03359375