1 0.0921875 0.346875 0.059375 0.0640625
1 0.21796875 0.36875 0.0546875 0.065625
1 0.36015625 0.40625 0.059375 0.0671875
1 0.30859375 0.4296875 0.0421875 0.0515625
1 0.40859375 0.45546875 0.040625 0.05625
1 0.46640625 0.43828125 0.0609375 0.0609375
1 0.5 0.45625 0.040625 0.053125
1 0.5390625 0.48828125 0.040625 0.0515625
1 0.57890625 0.4875 0.053125 0.059375
1 0.63671875 0.4796875 0.0359375 0.05
1 0.6578125 0.49921875 0.0484375 0.0625
1 0.70703125 0.49453125 0.0515625 0.065625
1 0.79453125 0.5328125 0.046875 0.0515625
1 0.9296875 0.559375 0.0625 0.06875
1 0.165625 0.01796875 0.059375 0.0359375
1 0.2890625 0.03515625 0.0546875 0.065625
1 0.434375 0.05859375 0.059375 0.0671875
1 0.39609375 0.02109375 0.0421875 0.0421875
1 0.20234375 0.9359375 0.0390625 0.0265625
1 0.4984375 0.0328125 0.040625 0.05625
1 0.303125 0.953125 0.0390625 0.0328125
1 0.54453125 0.071875 0.0609375 0.0609375
1 0.58203125 0.0703125 0.040625 0.053125
1 0.63125 0.05546875 0.040625 0.0515625
1 0.43515625 0.9796875 0.0390625 0.0359375
1 0.66640625 0.0734375 0.053125 0.059375
1 0.47265625 0.98828125 0.0484375 0.0234375
1 0.7171875 0.10390625 0.0359375 0.05
1 0.74375 0.09453125 0.0484375 0.0625
1 0.7875 0.11875 0.0515625 0.065625
1 0.8828125 0.11953125 0.046875 0.0515625
1 0.9921875 0.15 0.015625 0.06875