1 0.31015625 0.54375 0.071875 0.07265625
1 0.9015625 0.4515625 0.0625 0.07734375
1 0.21640625 0.38203125 0.05078125 0.040625
1 0.7359375 0.353125 0.04296875 0.0484375
1 0.678125 0.31484375 0.03125 0.040625
1 0.084375 0.29765625 0.02890625 0.0359375
1 0.65390625 0.3359375 0.02890625 0.0359375
1 0.571875 0.3046875 0.0265625 0.03359375
1 0.52890625 0.3 0.03359375 0.040625
1 0.73671875 0.0046875 0.0453125 0.009375
1 0.678125 0.021875 0.03125 0.040625
1 0.084375 0.03828125 0.02890625 0.0359375
1 0.6546875 0.009375 0.03125 0.01875
1 0.571875 0.03125 0.0265625 0.03359375
1 0.52890625 0.0359375 0.03359375 0.040625