0 0.10625 0.23671875 0.0890625 0.1015625
0 0.3875 0.3828125 0.0625 0.071875
0 0.20546875 0.28984375 0.05625 0.065625
0 0.12109375 0.271875 0.05625 0.06875
0 0.35 0.315625 0.0453125 0.0515625
0 0.415625 0.3171875 0.053125 0.0515625
0 0.5 0.371875 0.0453125 0.0515625
0 0.503125 0.3359375 0.04375 0.05
0 0.54296875 0.3640625 0.0515625 0.05625
0 0.62421875 0.3765625 0.0359375 0.053125
0 0.6796875 0.39609375 0.0484375 0.0625
0 0.753125 0.384375 0.0640625 0.0765625
0 0.85546875 0.4359375 0.0421875 0.0484375