1 0.065625 0.52578125 0.059375 0.0640625
1 0.1890625 0.4953125 0.0546875 0.065625
1 0.334375 0.47109375 0.059375 0.0671875
1 0.296875 0.51328125 0.0421875 0.0515625
1 0.3984375 0.496875 0.040625 0.05625
1 0.44453125 0.4578125 0.0609375 0.0609375
1 0.48203125 0.46015625 0.040625 0.053125
1 0.53125 0.4734375 0.040625 0.0515625
1 0.56640625 0.45625 0.053125 0.059375
1 0.61640625 0.42578125 0.0359375 0.05
1 0.64375 0.43515625 0.0484375 0.0625
1 0.68671875 0.4109375 0.0515625 0.065625
1 0.7828125 0.41015625 0.046875 0.0515625
1 0.9171875 0.3796875 0.0625 0.06875
1 0.0109375 0.18203125 0.021875 0.0640625
1 0.11796875 0.1609375 0.0546875 0.065625
1 0.26015625 0.1234375 0.059375 0.0671875
1 0.20859375 0.1 0.0421875 0.0515625
1 0.30859375 0.0734375 0.040625 0.05625
1 0.50390625 0.9890625 0.0390625 0.021875
1 0.36640625 0.090625 0.0609375 0.0609375
1 0.4 0.07421875 0.040625 0.053125
1 0.4390625 0.040625 0.040625 0.0515625
1 0.63515625 0.96484375 0.0390625 0.0359375
1 0.47890625 0.04296875 0.053125 0.059375
1 0.675 0.96015625 0.0484375 0.03125
1 0.53671875 0.05 0.0359375 0.05
1 0.5578125 0.03125 0.0484375 0.0625
1 0.753125 0.9453125 0.04375 0.028125
1 0.60703125 0.034375 0.0515625 0.065625
1 0.6953125 0.0109375 0.046875 0.021875
1 0.8921875 0.915625 0.04375 0.028125