1 0.89921875 0.46484375 0.0640625 0.0765625
1 0.39921875 0.54921875 0.0640625 0.075
1 0.26328125 0.590625 0.065625 0.075
1 0.69140625 0.59921875 0.053125 0.06875
1 0.0484375 0.38828125 0.0390625 0.0484375
1 0.27421875 0.4078125 0.0359375 0.0359375
1 0.32578125 0.390625 0.0375 0.04375
1 0.6234375 0.5734375 0.0609375 0.06875
1 0.80859375 0.5875 0.0578125 0.059375
1 0.946875 0.4671875 0.0609375 0.0625
1 0.60390625 0.49765625 0.03125 0.0359375
1 0.49296875 0.42265625 0.03125 0.0359375
1 0.72578125 0.50546875 0.03125 0.0390625