0 0.2859375 0.33125 0.07421875 0.084375
0 0.17578125 0.3984375 0.04296875 0.05078125
0 0.228125 0.37265625 0.05078125 0.0671875
0 0.2984375 0.39140625 0.0453125 0.0578125
0 0.428125 0.4328125 0.03828125 0.05078125
0 0.57421875 0.425 0.0453125 0.0484375
0 0.2859375 0.10625 0.07421875 0.084375
0 0.17578125 0.03828125 0.04296875 0.05078125
0 0.228125 0.06484375 0.05078125 0.0671875
0 0.2984375 0.04609375 0.0453125 0.0578125
0 0.42890625 0.015625 0.040625 0.03125
0 0.57421875 0.01953125 0.0484375 0.03828125