0 0.08203125 0.37734375 0.06484375 0.06484375
0 0.1109375 0.40859375 0.0359375 0.04375
0 0.14453125 0.40859375 0.02890625 0.03828125
0 0.23046875 0.3796875 0.04296875 0.0484375
1 0.2640625 0.39140625 0.03359375 0.0484375
0 0.3265625 0.39609375 0.03125 0.05078125
0 0.353125 0.39375 0.03359375 0.0359375
0 0.4375 0.38671875 0.02890625 0.0359375
0 0.46640625 0.3984375 0.02890625 0.03359375
0 0.52890625 0.39609375 0.0359375 0.0359375
0 0.56015625 0.4109375 0.0265625 0.0359375
0 0.59609375 0.41328125 0.0265625 0.0359375
0 0.696875 0.40859375 0.02421875 0.0359375
0 0.8484375 0.38203125 0.02890625 0.03828125
0 0.821875 0.384375 0.021875 0.02890625
0 0.08203125 0.075 0.06484375 0.06484375
0 0.1109375 0.04375 0.0359375 0.04375
0 0.14453125 0.04375 0.02890625 0.03828125
0 0.23046875 0.07265625 0.04296875 0.0484375
1 0.2640625 0.06015625 0.03359375 0.0484375
0 0.3265625 0.05546875 0.03125 0.05078125
0 0.353125 0.0578125 0.03359375 0.0359375
0 0.4375 0.06484375 0.02890625 0.0359375
0 0.46640625 0.053125 0.02890625 0.03359375
0 0.52890625 0.05546875 0.0359375 0.0359375
0 0.56015625 0.040625 0.0265625 0.0359375
0 0.59609375 0.03828125 0.0265625 0.0359375
0 0.696875 0.04375 0.02421875 0.0359375
0 0.8484375 0.06953125 0.02890625 0.03828125
0 0.821875 0.0671875 0.021875 0.02890625