1 0.1125 0.41953125 0.0796875 0.078125
1 0.365625 0.42890625 0.0546875 0.0625
1 0.32109375 0.44140625 0.04375 0.0515625
1 0.61171875 0.3875 0.0515625 0.059375
1 0.56171875 0.39140625 0.0484375 0.0578125
1 0.6734375 0.3765625 0.046875 0.0546875
1 0.72734375 0.3625 0.05 0.0609375
1 0.80625 0.35546875 0.0453125 0.0609375
1 0.84140625 0.3296875 0.0546875 0.0640625
1 0.225 0.46015625 0.053125 0.0578125
1 0.03359375 0.5015625 0.05625 0.071875
1 0.13125 0.4671875 0.0421875 0.0578125
1 0.1484375 0.47421875 0.04375 0.065625
1 0.0515625 0.07890625 0.0734375 0.0265625