1 0.9203125 0.32890625 0.0875 0.10625
1 0.3453125 0.3390625 0.0703125 0.0984375
1 0.13828125 0.33203125 0.0921875 0.109375
1 0.4984375 0.3265625 0.1046875 0.13125
1 0.70546875 0.31015625 0.1078125 0.13125
1 0.85 0.33359375 0.0609375 0.075
1 0.27734375 0.3171875 0.1078125 0.13125
1 0.6 0.3515625 0.0515625 0.071875
1 0.7625 0.35078125 0.05625 0.075
1 0.41171875 0.38515625 0.0484375 0.0734375
1 0.9078125 0.01328125 0.0875 0.0265625
1 0.3359375 0.0296875 0.071875 0.0515625
1 0.128125 0.04609375 0.09375 0.0703125
1 0.4890625 0.0359375 0.10625 0.071875
1 0.69453125 0.03671875 0.1078125 0.0734375
1 0.83828125 0.00546875 0.0609375 0.0109375
1 0.26796875 0.0515625 0.1078125 0.090625