1 0.13203125 0.353125 0.06953125 0.0671875
1 0.3796875 0.40625 0.0453125 0.05546875
1 0.334375 0.4109375 0.0359375 0.04609375
1 0.6296875 0.40859375 0.04296875 0.053125
1 0.5796875 0.40390625 0.040625 0.05078125
1 0.6921875 0.40859375 0.03828125 0.0484375
1 0.74765625 0.40390625 0.040625 0.05546875
1 0.8265625 0.4109375 0.0359375 0.05546875
1 0.865625 0.39140625 0.0453125 0.0578125
1 0.2359375 0.41328125 0.0453125 0.05078125
1 0.040625 0.4203125 0.0453125 0.06484375
1 0.1421875 0.40390625 0.03359375 0.053125
1 0.15859375 0.41328125 0.03359375 0.06015625
1 0.13125 0.00703125 0.071875 0.0140625