0 0.12421875 0.2796875 0.078125 0.078125
0 0.14453125 0.3171875 0.0453125 0.0515625
0 0.17734375 0.325 0.0375 0.04375
0 0.26796875 0.31796875 0.053125 0.0578125
1 0.29765625 0.3375 0.04375 0.0546875
0 0.35703125 0.35703125 0.0421875 0.05625
0 0.3828125 0.36171875 0.040625 0.04375
0 0.46640625 0.375 0.0375 0.0421875
0 0.4921875 0.39296875 0.0359375 0.0390625
0 0.553125 0.40625 0.04375 0.04375
0 0.5796875 0.428125 0.034375 0.040625
0 0.6140625 0.4390625 0.034375 0.040625
0 0.71328125 0.45859375 0.0328125 0.040625
0 0.86640625 0.46953125 0.0375 0.04375
0 0.840625 0.465625 0.028125 0.0328125
0 0.196875 0.0125 0.078125 0.025
0 0.3421875 0.02421875 0.053125 0.0484375
1 0.3765625 0.021875 0.04375 0.04375
0 0.43828125 0.02734375 0.0421875 0.0546875
0 0.46484375 0.03515625 0.040625 0.04375
0 0.54453125 0.0625 0.0375 0.0421875
0 0.57578125 0.05859375 0.0359375 0.0390625
0 0.6359375 0.07578125 0.04375 0.04375
0 0.66953125 0.06875 0.034375 0.040625
0 0.7046875 0.075 0.034375 0.040625
0 0.8015625 0.1046875 0.0328125 0.040625
0 0.9421875 0.16640625 0.0375 0.04375
0 0.9171875 0.1578125 0.028125 0.0328125