1 0.92578125 0.34375 0.084375 0.10390625
1 0.35078125 0.33359375 0.0671875 0.09609375
1 0.14453125 0.31953125 0.0890625 0.10625
1 0.5046875 0.3265625 0.10078125 0.12734375
1 0.71171875 0.3171875 0.103125 0.12734375
1 0.85546875 0.34609375 0.0578125 0.07265625
1 0.28359375 0.309375 0.103125 0.12734375
1 0.60546875 0.35546875 0.0484375 0.06953125
1 0.7671875 0.36015625 0.053125 0.07265625
1 0.415625 0.38203125 0.0453125 0.07265625
1 0.92578125 0.0203125 0.08671875 0.040625
1 0.35234375 0.02421875 0.06953125 0.0484375
1 0.14453125 0.03359375 0.09140625 0.0671875
1 0.50625 0.03515625 0.103125 0.06953125
1 0.71171875 0.03984375 0.10546875 0.0796875
1 0.85625 0.01171875 0.059375 0.0234375
1 0.28359375 0.04375 0.10546875 0.08671875