1 0.88828125 0.265625 0.103125 0.11875
1 0.321875 0.36484375 0.084375 0.1078125
1 0.11640625 0.390625 0.1078125 0.121875
1 0.471875 0.32890625 0.1234375 0.14375
1 0.67265625 0.28046875 0.125 0.1453125
1 0.81953125 0.28125 0.0703125 0.0828125
1 0.2515625 0.35390625 0.125 0.1453125
1 0.57578125 0.33828125 0.0609375 0.078125
1 0.7359375 0.31171875 0.065625 0.08125
1 0.39453125 0.4 0.0578125 0.0796875
1 0.2640625 0.0609375 0.078125 0.0609375
1 0.06171875 0.11015625 0.103125 0.0828125
1 0.41640625 0.04296875 0.1140625 0.0859375
1 0.6203125 0.028125 0.11875 0.05625
1 0.20078125 0.09375 0.1203125 0.1046875