0 0.96640625 0.42734375 0.06015625 0.07734375
0 0.0796875 0.42265625 0.0671875 0.07265625
0 0.59609375 0.42734375 0.053125 0.06484375
0 0.2015625 0.43984375 0.0453125 0.0625
0 0.3265625 0.446875 0.03359375 0.040625
0 0.021875 0.46171875 0.03828125 0.0578125
0 0.1515625 0.46640625 0.05078125 0.05546875
0 0.2640625 0.4515625 0.03828125 0.05546875
0 0.396875 0.44453125 0.0453125 0.053125
0 0.4328125 0.43984375 0.0359375 0.04375
0 0.5046875 0.43984375 0.03828125 0.053125
0 0.53359375 0.446875 0.03125 0.040625
0 0.68984375 0.446875 0.05078125 0.06015625
0 0.66328125 0.4328125 0.03359375 0.05546875
0 0.740625 0.44453125 0.03359375 0.04609375
0 0.821875 0.42265625 0.05078125 0.0578125