0 0.96484375 0.41953125 0.0609375 0.078125
0 0.078125 0.4296875 0.06875 0.0734375
0 0.59453125 0.42578125 0.0546875 0.065625
0 0.20078125 0.4453125 0.046875 0.0640625
0 0.32578125 0.45 0.034375 0.040625
0 0.02109375 0.4703125 0.0390625 0.0578125
0 0.15078125 0.47265625 0.0515625 0.05625
0 0.26328125 0.45546875 0.0390625 0.05625
0 0.39609375 0.44609375 0.046875 0.0546875
0 0.43203125 0.44140625 0.0359375 0.04375
0 0.50390625 0.43984375 0.0390625 0.053125
0 0.5328125 0.44609375 0.03125 0.040625
0 0.6890625 0.44375 0.0515625 0.0609375
0 0.66171875 0.4296875 0.034375 0.05625
0 0.73984375 0.440625 0.034375 0.046875
0 0.8203125 0.4171875 0.0515625 0.059375