0 0.0703125 0.42890625 0.071875 0.071875
0 0.10234375 0.45703125 0.040625 0.0484375
0 0.1359375 0.45234375 0.0328125 0.0421875
0 0.21796875 0.41328125 0.0484375 0.053125
1 0.25234375 0.42109375 0.0390625 0.0515625
0 0.31484375 0.41796875 0.0375 0.0546875
0 0.34140625 0.4125 0.0375 0.0390625
0 0.42421875 0.3953125 0.0328125 0.0390625
0 0.45390625 0.403125 0.0328125 0.0375
0 0.51640625 0.39296875 0.040625 0.040625
0 0.54921875 0.40390625 0.03125 0.0390625
0 0.58515625 0.40234375 0.03125 0.0390625
0 0.684375 0.38515625 0.028125 0.0390625
0 0.83125 0.340625 0.0328125 0.0421875
0 0.80546875 0.34609375 0.025 0.03125
0 0.034375 0.128125 0.06875 0.071875
0 0.05859375 0.09453125 0.040625 0.0484375
0 0.09140625 0.090625 0.0328125 0.0421875
0 0.18046875 0.10859375 0.0484375 0.053125
1 0.2125 0.0921875 0.0390625 0.0515625
0 0.2734375 0.0796875 0.0375 0.0546875
0 0.3 0.07890625 0.0375 0.0390625
0 0.38515625 0.07578125 0.0328125 0.0390625
0 0.4125 0.0609375 0.0328125 0.0375
0 0.47421875 0.05546875 0.040625 0.040625
0 0.50390625 0.03671875 0.03125 0.0390625
0 0.5390625 0.0296875 0.03125 0.0390625
0 0.63984375 0.0234375 0.028125 0.0390625
0 0.79375 0.03046875 0.0328125 0.0421875
0 0.76640625 0.03125 0.025 0.03125