0 0.96328125 0.4109375 0.0625 0.0796875
0 0.07734375 0.4375 0.0703125 0.075
0 0.59375 0.42421875 0.0546875 0.0671875
0 0.2 0.45 0.046875 0.0640625
0 0.325 0.453125 0.034375 0.0421875
0 0.02109375 0.478125 0.040625 0.059375
0 0.15078125 0.47890625 0.053125 0.0578125
0 0.2625 0.46015625 0.040625 0.05625
0 0.3953125 0.4484375 0.046875 0.0546875
0 0.43046875 0.4421875 0.0375 0.0453125
0 0.50234375 0.43984375 0.040625 0.0546875
0 0.53203125 0.44609375 0.0328125 0.0421875
0 0.6875 0.440625 0.053125 0.0625
0 0.6609375 0.42734375 0.0359375 0.05625
0 0.73828125 0.4359375 0.0359375 0.046875
0 0.81875 0.41171875 0.053125 0.059375