1 0.22109375 0.646875 0.071875 0.0765625
1 0.22109375 0.54296875 0.0578125 0.06484375
1 0.290625 0.38203125 0.03125 0.053125
1 0.3484375 0.6109375 0.0484375 0.053125
1 0.48046875 0.5265625 0.040625 0.0453125
1 0.50234375 0.5 0.04296875 0.0453125
1 0.5578125 0.53828125 0.05078125 0.04296875
1 0.92578125 0.29296875 0.03828125 0.0671875
1 0.896875 0.31953125 0.03359375 0.0484375
1 0.87734375 0.30546875 0.03359375 0.05078125
0 0.95703125 0.3078125 0.0453125 0.0578125
0 0.9734375 0.375 0.03828125 0.0578125