1 0.4515625 0.5453125 0.0984375 0.09609375
1 0.625 0.2984375 0.11328125 0.11796875
1 0.6828125 0.25 0.06015625 0.06953125
1 0.3484375 0.4640625 0.08203125 0.084375
1 0.4828125 0.25 0.053125 0.06953125
1 0.3265625 0.5140625 0.09609375 0.0890625
0 0.21171875 0.33671875 0.071875 0.08671875
0 0.5171875 0.3125 0.06484375 0.0796875
0 0.76171875 0.2453125 0.06953125 0.09375
0 0.54296875 0.26171875 0.0484375 0.05078125
0 0.91328125 0.19453125 0.0453125 0.0453125
1 0.625 0.0375 0.115625 0.07421875
1 0.6828125 0.0625 0.06015625 0.06953125
1 0.4828125 0.0625 0.053125 0.06953125
0 0.2125 0.0109375 0.07421875 0.021875
0 0.5171875 0.0203125 0.0671875 0.040625
0 0.76171875 0.0671875 0.06953125 0.09375
0 0.54296875 0.05078125 0.0484375 0.05078125
0 0.91328125 0.11796875 0.0453125 0.0453125