1 0.1875 0.30546875 0.0859375 0.1
1 0.27109375 0.31796875 0.178125 0.2140625
1 0.77734375 0.39921875 0.19375 0.2140625
1 0.50703125 0.3734375 0.1359375 0.15
1 0.34765625 0.32734375 0.1015625 0.1375
1 0.09921875 0.26015625 0.1828125 0.35
1 0.70390625 0.39765625 0.0859375 0.1375
0 0.94609375 0.43515625 0.1078125 0.1234375
1 0.34140625 0.015625 0.1546875 0.03125
1 0.840625 0.10625 0.175 0.11875
1 0.58359375 0.0234375 0.1171875 0.046875
1 0.41953125 0.009375 0.0859375 0.01875
1 0.15625 0.04140625 0.146875 0.0828125
1 0.7734375 0.06953125 0.0703125 0.05625
0 0.98125 0.12265625 0.0375 0.0671875