1 0.15 0.3875 0.071875 0.0890625
1 0.23359375 0.37890625 0.1484375 0.19375
1 0.74453125 0.33515625 0.165625 0.190625
1 0.47578125 0.37578125 0.115625 0.134375
1 0.31015625 0.36875 0.08125 0.128125
1 0.0578125 0.36328125 0.115625 0.3359375
1 0.6734375 0.3515625 0.0640625 0.1296875
0 0.9203125 0.32890625 0.096875 0.109375
1 0.221875 0.040625 0.146875 0.0671875
1 0.73515625 0.040625 0.1640625 0.08125
1 0.46484375 0.015625 0.1140625 0.03125
1 0.3 0.0265625 0.08125 0.040625
1 0.05234375 0.09296875 0.1046875 0.1609375
1 0.66171875 0.01875 0.0640625 0.0375
0 0.90859375 0.0171875 0.0984375 0.034375