1 0.45546875 0.54921875 0.10625 0.1046875
1 0.60703125 0.28828125 0.1234375 0.128125
1 0.66015625 0.23515625 0.065625 0.075
1 0.34609375 0.47734375 0.0890625 0.090625
1 0.4609375 0.25234375 0.059375 0.0734375
1 0.328125 0.52890625 0.103125 0.096875
0 0.1984375 0.3625 0.0796875 0.0921875
0 0.50078125 0.31171875 0.071875 0.084375
0 0.73828125 0.2234375 0.078125 0.1
0 0.521875 0.25859375 0.053125 0.0546875
0 0.88515625 0.159375 0.0484375 0.0484375
1 0.584375 0.03515625 0.121875 0.0703125
1 0.64375 0.0484375 0.065625 0.075
1 0.44453125 0.065625 0.059375 0.0734375
0 0.17109375 0.0375 0.0765625 0.028125
0 0.47421875 0.021875 0.0703125 0.04375
0 0.721875 0.04765625 0.078125 0.0953125
0 0.50390625 0.0484375 0.053125 0.0546875
0 0.878125 0.08359375 0.0484375 0.0484375