1 0.15390625 0.375 0.06953125 0.08671875
1 0.23828125 0.36953125 0.1421875 0.18828125
1 0.75 0.34375 0.15859375 0.18515625
1 0.48046875 0.375 0.1109375 0.13046875
1 0.31484375 0.3625 0.0765625 0.125
1 0.0578125 0.3484375 0.115625 0.3328125
1 0.678125 0.3578125 0.06015625 0.12734375
0 0.92578125 0.34375 0.09375 0.10625
1 0.23828125 0.03125 0.14453125 0.0625
1 0.7515625 0.04375 0.1609375 0.08671875
1 0.48203125 0.01484375 0.11328125 0.02890625
1 0.31640625 0.01953125 0.0796875 0.03828125
1 0.05859375 0.078125 0.1171875 0.15625
1 0.678125 0.021875 0.0625 0.04375
0 0.92578125 0.02421875 0.09609375 0.0484375