1 0.44375 0.53515625 0.115625 0.1125
1 0.6609375 0.32578125 0.134375 0.1375
1 0.72734375 0.28984375 0.071875 0.0796875
1 0.3578125 0.4359375 0.096875 0.0984375
1 0.53046875 0.2515625 0.065625 0.078125
1 0.32734375 0.48046875 0.1109375 0.10625
0 0.2484375 0.284375 0.0875 0.0984375
0 0.55234375 0.31953125 0.078125 0.090625
0 0.80546875 0.3 0.0859375 0.1046875
0 0.5875 0.27421875 0.0578125 0.059375
0 0.9640625 0.27890625 0.053125 0.053125
1 0.7109375 0.06953125 0.128125 0.0953125
1 0.76328125 0.10546875 0.071875 0.0796875
1 0.56640625 0.0671875 0.065625 0.078125
0 0.60859375 0.03203125 0.0734375 0.053125
0 0.83984375 0.125 0.0859375 0.1046875
0 0.628125 0.0671875 0.0578125 0.059375
0 0.97578125 0.203125 0.0484375 0.053125