0 0.2359375 0.375 0.07421875 0.10859375
0 0.39453125 0.38671875 0.09375 0.1109375
0 0.9109375 0.37734375 0.12734375 0.15625
0 0.6421875 0.41328125 0.0578125 0.07734375
0 0.5671875 0.37265625 0.10078125 0.11796875
0 0.7546875 0.3890625 0.09375 0.13046875
0 0.96875 0.340625 0.053125 0.159375
0 0.115625 0.4328125 0.0453125 0.0578125
0 0.48828125 0.43046875 0.040625 0.05078125
0 0.81484375 0.43046875 0.05546875 0.075
0 0.31484375 0.43515625 0.03828125 0.053125
0 0.9109375 0.0171875 0.1296875 0.03359375
0 0.96953125 0.0359375 0.0546875 0.071875