1 0.34453125 0.5859375 0.065625 0.08125
1 0.5328125 0.259375 0.06875 0.06875
0 0.6546875 0.2015625 0.078125 0.090625
0 0.61796875 0.23984375 0.103125 0.1109375
0 0.715625 0.2296875 0.084375 0.0921875
0 0.7578125 0.17109375 0.0703125 0.06875
0 0.84375 0.1796875 0.0671875 0.0953125
0 0.9078125 0.153125 0.096875 0.0671875
1 0.5125 0.06328125 0.06875 0.06875
0 0.64375 0.09609375 0.078125 0.090625
0 0.59921875 0.06484375 0.103125 0.1109375
0 0.69765625 0.05390625 0.084375 0.0921875
0 0.75078125 0.1046875 0.0703125 0.06875
0 0.8328125 0.07890625 0.0671875 0.0953125
0 0.9015625 0.090625 0.096875 0.0671875