0 0.9203125 0.3921875 0.084375 0.10078125
0 0.7140625 0.39921875 0.0796875 0.0984375
0 0.23828125 0.4828125 0.103125 0.11796875
0 0.5890625 0.40390625 0.07421875 0.1078125
0 0.14453125 0.39453125 0.13671875 0.2015625
0 0.43984375 0.4109375 0.09375 0.11328125
0 0.334375 0.490625 0.10546875 0.12734375
0 0.5453125 0.4109375 0.0484375 0.08203125
0 0.05078125 0.40390625 0.09375 0.21640625
0 0.6609375 0.446875 0.04296875 0.06484375
0 0.81484375 0.44453125 0.0265625 0.03359375
0 0.9203125 0.0109375 0.08671875 0.021875
0 0.14453125 0.03515625 0.1390625 0.06953125
0 0.05078125 0.03359375 0.09609375 0.0671875