1 0.325 0.528125 0.075 0.0875
1 0.61328125 0.28515625 0.075 0.075
0 0.74765625 0.27265625 0.0875 0.0984375
0 0.7 0.29609375 0.115625 0.121875
0 0.7953125 0.3203125 0.0953125 0.1
0 0.8546875 0.27890625 0.078125 0.0765625
0 0.93203125 0.31640625 0.078125 0.1
0 0.975 0.3125 0.05 0.078125
1 0.6609375 0.09375 0.075 0.075
0 0.7734375 0.16953125 0.0875 0.0984375
0 0.7421875 0.125 0.115625 0.121875
0 0.83828125 0.1484375 0.0953125 0.1
0 0.87109375 0.2140625 0.078125 0.0765625
0 0.95703125 0.21796875 0.078125 0.1
0 0.9828125 0.253125 0.034375 0.078125