0 0.27421875 0.509375 0.0671875 0.090625
0 0.4875 0.55625 0.0546875 0.0640625
0 0.04296875 0.44609375 0.0625 0.0765625
0 0.23125 0.51640625 0.053125 0.06875
0 0.146875 0.484375 0.0640625 0.0671875
0 0.0796875 0.475 0.046875 0.05625
0 0.38984375 0.5171875 0.0375 0.0453125
0 0.44375 0.54140625 0.0453125 0.0578125
0 0.56171875 0.55234375 0.05 0.053125
0 0.675 0.571875 0.0515625 0.0625
0 0.75859375 0.596875 0.0453125 0.05
0 0.8234375 0.59140625 0.0375 0.0453125
0 0.95 0.6203125 0.0515625 0.0625
0 0.8921875 0.63046875 0.0484375 0.0578125
0 0.4109375 0.53359375 0.021875 0.034375