1 0.3390625 0.453125 0.0515625 0.0765625
0 0.825 0.45 0.1203125 0.1359375
0 0.4 0.44375 0.0609375 0.0765625
0 0.5984375 0.41796875 0.1171875 0.1421875
0 0.50703125 0.459375 0.071875 0.1
0 0.2 0.3453125 0.209375 0.240625
0 0.2953125 0.45078125 0.08125 0.0875
0 0.9359375 0.49140625 0.0640625 0.071875
0 0.71796875 0.46875 0.0921875 0.115625
0 0.67109375 0.44375 0.053125 0.0796875
0 0.84609375 0.05078125 0.11875 0.0734375
0 0.42265625 0.009375 0.0609375 0.01875
0 0.61875 0.05 0.1171875 0.0953125
0 0.53125 0.0125 0.071875 0.025
0 0.215625 0.08984375 0.209375 0.1796875
0 0.7421875 0.02890625 0.090625 0.0375
0 0.69453125 0.02890625 0.053125 0.040625