1 0.12734375 0.2640625 0.10078125 0.13046875
1 0.75 0.28828125 0.08203125 0.1015625
1 0.62734375 0.35546875 0.05546875 0.075
1 0.8265625 0.3625 0.053125 0.075
1 0.34609375 0.31484375 0.06953125 0.075
1 0.5453125 0.3484375 0.0625 0.07265625
1 0.2953125 0.34609375 0.0578125 0.0796875
1 0.4375 0.3671875 0.05546875 0.075
1 0.49765625 0.38671875 0.05078125 0.06015625
1 0.12734375 0.0671875 0.10078125 0.13046875
1 0.7515625 0.0484375 0.084375 0.09609375
1 0.62734375 0.00703125 0.0578125 0.0140625
1 0.3453125 0.02734375 0.071875 0.0546875
1 0.546875 0.0109375 0.06484375 0.021875
1 0.296875 0.01328125 0.06015625 0.0265625