0 0.9328125 0.47421875 0.1015625 0.115625
0 0.7296875 0.4421875 0.096875 0.1125
0 0.24609375 0.4328125 0.1234375 0.1359375
0 0.60546875 0.42265625 0.09375 0.1203125
0 0.17109375 0.32890625 0.1734375 0.2234375
0 0.4578125 0.40078125 0.1140625 0.1296875
0 0.3390625 0.459375 0.128125 0.1453125
0 0.56171875 0.42109375 0.0625 0.0890625
0 0.07734375 0.3203125 0.1328125 0.2296875
0 0.66796875 0.47890625 0.0546875 0.071875
0 0.81953125 0.50546875 0.0328125 0.0375
0 0.98046875 0.1 0.0390625 0.0375
0 0.2390625 0.01171875 0.15 0.0234375