0 0.1921875 0.303125 0.11328125 0.115625
0 0.39453125 0.3796875 0.05546875 0.0671875
0 0.53828125 0.38671875 0.04296875 0.0625
0 0.2765625 0.375 0.06953125 0.09609375
0 0.3265625 0.396875 0.03359375 0.0453125
0 0.44921875 0.39921875 0.0359375 0.0453125
0 0.36328125 0.39453125 0.04296875 0.0453125
0 0.57421875 0.396875 0.02890625 0.0453125
0 0.59609375 0.41328125 0.01953125 0.03359375
0 0.1921875 0.0671875 0.11328125 0.115625
0 0.39453125 0.01328125 0.0578125 0.0265625
0 0.53984375 0.00859375 0.0453125 0.0171875
0 0.2765625 0.02265625 0.071875 0.0453125