1 0.18984375 0.1859375 0.128125 0.15
1 0.79140625 0.35 0.103125 0.1171875
1 0.65625 0.3875 0.0703125 0.0859375
1 0.84921875 0.43984375 0.06875 0.084375
1 0.39140625 0.28515625 0.084375 0.0890625
1 0.578125 0.3625 0.0765625 0.084375
1 0.33515625 0.30390625 0.075 0.090625
1 0.46875 0.35625 0.0703125 0.0859375
1 0.5234375 0.3890625 0.0625 0.0703125
1 0.234375 0.034375 0.128125 0.06875
1 0.846875 0.11640625 0.103125 0.1125
1 0.73515625 0.0484375 0.059375 0.0265625
1 0.45546875 0.01953125 0.0828125 0.0390625
1 0.65546875 0.034375 0.06875 0.0359375