0 0.5453125 0.415625 0.06484375 0.084375
0 0.678125 0.3984375 0.0625 0.075
0 0.24296875 0.4109375 0.06953125 0.08203125
0 0.43984375 0.39609375 0.0796875 0.11328125
0 0.87265625 0.375 0.09375 0.10625
0 0.96171875 0.36484375 0.0671875 0.07265625
0 0.103125 0.321875 0.178125 0.2046875
0 0.3796875 0.415625 0.05546875 0.075
0 0.71640625 0.384375 0.03359375 0.0625
0 0.5453125 0.0109375 0.0671875 0.021875
0 0.67890625 0.0171875 0.06484375 0.03359375
0 0.24296875 0.01328125 0.071875 0.0265625
0 0.4390625 0.02734375 0.08125 0.0546875
0 0.87265625 0.0375 0.09609375 0.075
0 0.9625 0.03359375 0.06953125 0.0671875
0 0.1046875 0.08828125 0.18046875 0.17578125
0 0.3796875 0.00859375 0.0578125 0.0171875
0 0.7171875 0.021875 0.0359375 0.04375