0 0.23828125 0.3703125 0.0765625 0.109375
0 0.396875 0.38515625 0.0953125 0.1125
0 0.91328125 0.384375 0.1296875 0.1578125
0 0.64375 0.415625 0.059375 0.078125
0 0.56953125 0.37421875 0.103125 0.1203125
0 0.75625 0.39375 0.0953125 0.1328125
0 0.97109375 0.34921875 0.05625 0.1609375
0 0.1171875 0.42578125 0.046875 0.059375
0 0.48984375 0.43046875 0.0421875 0.0515625
0 0.815625 0.4359375 0.05625 0.0765625
0 0.315625 0.43203125 0.0390625 0.053125
0 0.91953125 0.02421875 0.1296875 0.0359375
0 0.97421875 0.04453125 0.0515625 0.0734375