1 0.3328125 0.490625 0.0609375 0.08125
0 0.80546875 0.378125 0.134375 0.146875
0 0.38984375 0.46796875 0.0703125 0.0828125
0 0.57734375 0.3984375 0.1328125 0.153125
0 0.49765625 0.459375 0.0828125 0.10625
0 0.17265625 0.41640625 0.234375 0.2609375
0 0.28984375 0.4984375 0.090625 0.096875
0 0.9234375 0.39375 0.071875 0.0796875
0 0.70546875 0.4203125 0.1046875 0.125
0 0.65390625 0.40703125 0.0609375 0.084375
0 0.7359375 0.0140625 0.125 0.028125
0 0.3140625 0.0359375 0.0625 0.03125
0 0.51484375 0.04453125 0.1265625 0.0890625
0 0.4203125 0.01796875 0.0734375 0.0359375
0 0.128125 0.1546875 0.2296875 0.221875
0 0.6296875 0.00546875 0.09375 0.0109375
0 0.5828125 0.01015625 0.05625 0.0203125