1 0.0890625 0.33984375 0.1234375 0.146875
1 0.7046875 0.24453125 0.1 0.115625
1 0.59765625 0.33359375 0.06875 0.084375
1 0.79453125 0.30234375 0.0671875 0.084375
1 0.31328125 0.34765625 0.0828125 0.0875
1 0.515625 0.3421875 0.075 0.0828125
1 0.26953125 0.38828125 0.071875 0.0890625
1 0.41328125 0.38125 0.06875 0.084375
1 0.47578125 0.3890625 0.0609375 0.06875
1 0.05625 0.1453125 0.1125 0.146875
1 0.66015625 0.03203125 0.1015625 0.0640625
1 0.2578125 0.065625 0.08125 0.0671875
1 0.45234375 0.0140625 0.0671875 0.028125
1 0.2078125 0.0609375 0.0640625 0.0375