0 0.921875 0.39921875 0.0859375 0.1015625
0 0.715625 0.403125 0.08125 0.1
0 0.23828125 0.478125 0.1046875 0.1203125
0 0.590625 0.40546875 0.0765625 0.109375
0 0.14609375 0.38828125 0.140625 0.2046875
0 0.44140625 0.41015625 0.0953125 0.115625
0 0.334375 0.4875 0.1078125 0.1296875
0 0.546875 0.41171875 0.05 0.0828125
0 0.05234375 0.39609375 0.096875 0.21875
0 0.66171875 0.45 0.04375 0.065625
0 0.815625 0.45 0.0265625 0.034375
0 0.92890625 0.01796875 0.0875 0.0234375
0 0.1515625 0.03203125 0.140625 0.0640625
0 0.059375 0.0296875 0.096875 0.059375