1 0.33671875 0.56953125 0.0578125 0.075
1 0.5578125 0.2640625 0.0625 0.0625
0 0.68515625 0.21953125 0.06953125 0.084375
0 0.64453125 0.25390625 0.09375 0.1015625
0 0.74296875 0.25390625 0.0765625 0.084375
0 0.790625 0.2 0.06484375 0.0625
0 0.875 0.2171875 0.0578125 0.0890625
0 0.9421875 0.19765625 0.09140625 0.0578125
1 0.5578125 0.0671875 0.0625 0.0625
0 0.68515625 0.11328125 0.06953125 0.084375
0 0.64453125 0.07734375 0.09375 0.1015625
0 0.74296875 0.07734375 0.0765625 0.084375
0 0.790625 0.1328125 0.06484375 0.0625
0 0.875 0.115625 0.0578125 0.0890625
0 0.9421875 0.13515625 0.09140625 0.0578125