0 0.2265625 0.25703125 0.1296875 0.13125
0 0.41484375 0.36484375 0.065625 0.075
0 0.55546875 0.39375 0.0515625 0.06875
0 0.29921875 0.34140625 0.084375 0.10625
0 0.34453125 0.37109375 0.040625 0.05
0 0.465625 0.3921875 0.0421875 0.05
0 0.38125 0.37421875 0.05 0.0515625
0 0.5890625 0.409375 0.0359375 0.05
0 0.60859375 0.4296875 0.025 0.0359375
0 0.26328125 0.04453125 0.1296875 0.0890625
0 0.47109375 0.01015625 0.0609375 0.0203125
0 0.61640625 0.02109375 0.046875 0.0234375
0 0.353125 0.0109375 0.078125 0.021875