0 0.27890625 0.5484375 0.053125 0.08203125
0 0.49765625 0.5578125 0.0453125 0.0578125
0 0.040625 0.5265625 0.05078125 0.06953125
0 0.23828125 0.5625 0.04296875 0.0625
0 0.14921875 0.54609375 0.05546875 0.0578125
0 0.08203125 0.5484375 0.03828125 0.05078125
0 0.39453125 0.5359375 0.03125 0.040625
0 0.4515625 0.55078125 0.0359375 0.053125
0 0.56953125 0.540625 0.04296875 0.04609375
0 0.68515625 0.540625 0.04296875 0.05546875
0 0.771875 0.55078125 0.03828125 0.04375
0 0.834375 0.53359375 0.03125 0.040625
0 0.9640625 0.540625 0.04296875 0.05546875
0 0.90859375 0.56015625 0.040625 0.05078125
0 0.41796875 0.5484375 0.0171875 0.03125