0 0.2734375 0.49765625 0.0703125 0.0921875
0 0.484375 0.55546875 0.0578125 0.0671875
0 0.04609375 0.42265625 0.065625 0.0796875
0 0.23125 0.50234375 0.05625 0.0703125
0 0.14765625 0.465625 0.0671875 0.06875
0 0.08203125 0.453125 0.0484375 0.0578125
0 0.3890625 0.5109375 0.0390625 0.046875
0 0.44140625 0.53828125 0.046875 0.059375
0 0.55859375 0.55546875 0.0515625 0.0546875
0 0.67109375 0.58125 0.0546875 0.0640625
0 0.753125 0.6109375 0.046875 0.0515625
0 0.81796875 0.6078125 0.0390625 0.046875
0 0.94296875 0.64375 0.0546875 0.0640625
0 0.884375 0.65078125 0.0515625 0.059375
0 0.409375 0.52890625 0.0234375 0.034375