0 0.55390625 0.42109375 0.0734375 0.090625
0 0.6875 0.41796875 0.0703125 0.08125
0 0.25390625 0.384375 0.078125 0.0890625
0 0.45078125 0.390625 0.090625 0.1203125
0 0.88359375 0.41484375 0.1046875 0.115625
0 0.96796875 0.41328125 0.0640625 0.0796875
0 0.12421875 0.28125 0.1984375 0.221875
0 0.3890625 0.403125 0.0625 0.0796875
0 0.72734375 0.4078125 0.040625 0.065625
0 0.59609375 0.01796875 0.06875 0.028125
0 0.728125 0.03828125 0.06875 0.040625
0 0.48828125 0.02734375 0.0859375 0.0546875
0 0.91875 0.07890625 0.103125 0.084375
0 0.98515625 0.08359375 0.0296875 0.0734375
0 0.14921875 0.07265625 0.1984375 0.1453125
0 0.43125 0.0046875 0.059375 0.009375
0 0.765625 0.046875 0.040625 0.046875