0 0.1703125 0.3421875 0.1265625 0.128125
0 0.38046875 0.39375 0.0625 0.0734375
0 0.52421875 0.3828125 0.05 0.0671875
0 0.26328125 0.403125 0.08125 0.103125
0 0.315625 0.41875 0.0390625 0.0484375
0 0.4375 0.40625 0.040625 0.05
0 0.3515625 0.41171875 0.0484375 0.05
0 0.5609375 0.38828125 0.034375 0.0484375
0 0.58515625 0.40234375 0.0234375 0.0359375
0 0.14140625 0.1078125 0.1265625 0.128125
0 0.3359375 0.0296875 0.0609375 0.0328125
0 0.4796875 0.00859375 0.046875 0.0171875
0 0.2203125 0.053125 0.0765625 0.053125