1 0.4234375 0.2828125 0.11328125 0.115625
1 0.50234375 0.31484375 0.15390625 0.14453125
1 0.95703125 0.31484375 0.06015625 0.0671875
1 0.74765625 0.30703125 0.06484375 0.0671875
1 0.853125 0.3984375 0.0578125 0.0625
1 0.7015625 0.3484375 0.07421875 0.0796875
0 0.75 0.20234375 0.0484375 0.0625
0 0.6390625 0.2171875 0.04296875 0.05546875
0 0.56953125 0.21484375 0.06015625 0.06015625
0 0.2953125 0.28515625 0.05078125 0.06015625
0 0.33203125 0.21484375 0.05546875 0.0625
0 0.490625 0.21484375 0.053125 0.06015625
0 0.1875 0.2 0.040625 0.05546875