0 0.94453125 0.4328125 0.06484375 0.08203125
0 0.60078125 0.48515625 0.13203125 0.1421875
0 0.87265625 0.46875 0.07421875 0.07265625
0 0.7015625 0.4375 0.05546875 0.06484375
0 0.06484375 0.42265625 0.09375 0.08203125
0 0.81015625 0.459375 0.0890625 0.0984375
0 0.2671875 0.4828125 0.13203125 0.1421875
0 0.52421875 0.38203125 0.0484375 0.0671875
0 0.18046875 0.43515625 0.084375 0.084375
0 0.05078125 0.37734375 0.06015625 0.05546875
0 0.1703125 0.3625 0.04296875 0.040625
0 0.334375 0.39609375 0.02890625 0.03828125
0 0.428125 0.39140625 0.0453125 0.0484375
0 0.615625 0.4109375 0.0578125 0.05078125
0 0.94453125 0.02421875 0.0671875 0.0484375
0 0.7015625 0.0171875 0.0578125 0.03359375
0 0.06484375 0.02890625 0.09609375 0.0578125
0 0.81015625 0.01484375 0.09140625 0.02890625
0 0.52421875 0.05546875 0.0484375 0.0671875
0 0.1796875 0.02265625 0.0875 0.0453125
0 0.05078125 0.06015625 0.06015625 0.05546875
0 0.1703125 0.075 0.04296875 0.040625
0 0.334375 0.040625 0.02890625 0.03828125
0 0.428125 0.04609375 0.0453125 0.0484375
0 0.615625 0.0265625 0.0578125 0.05078125