1 0.85546875 0.3796875 0.078125 0.0875
1 0.940625 0.37109375 0.0671875 0.084375
1 0.72265625 0.35546875 0.05625 0.0734375
1 0.42421875 0.33828125 0.053125 0.06875
1 0.5703125 0.35546875 0.0625 0.0734375
1 0.671875 0.35234375 0.0453125 0.065625
1 0.30859375 0.3484375 0.05 0.0625
1 0.50390625 0.34609375 0.0453125 0.0609375
1 0.11015625 0.31875 0.05 0.065625
1 0.19296875 0.40859375 0.0640625 0.053125
1 0.20546875 0.33203125 0.0375 0.0484375
1 0.76796875 0.38125 0.0546875 0.0859375
1 0.540625 0.36484375 0.0453125 0.0671875