0 0.940625 0.409375 0.06875 0.0859375
0 0.6 0.4796875 0.1390625 0.1484375
0 0.8703125 0.44921875 0.078125 0.0765625
0 0.69765625 0.42734375 0.059375 0.0671875
0 0.06171875 0.4453125 0.0984375 0.0875
0 0.8078125 0.44296875 0.09375 0.103125
0 0.26640625 0.4953125 0.1390625 0.1484375
0 0.51796875 0.38125 0.0515625 0.0703125
0 0.17734375 0.45234375 0.0890625 0.0890625
0 0.0453125 0.40078125 0.0625 0.0578125
0 0.16328125 0.3796875 0.0453125 0.0421875
0 0.32890625 0.4046875 0.03125 0.0390625
0 0.42265625 0.3953125 0.0484375 0.05
0 0.6109375 0.4046875 0.0609375 0.053125
0 0.91796875 0.01328125 0.0703125 0.0265625
0 0.675 0.0125 0.059375 0.025
0 0.04453125 0.0515625 0.0890625 0.0625
0 0.78359375 0.0078125 0.0921875 0.015625
0 0.50078125 0.0546875 0.0515625 0.0703125
0 0.15546875 0.03984375 0.0890625 0.05
0 0.0296875 0.08359375 0.059375 0.0578125
0 0.1484375 0.09296875 0.0453125 0.0421875
0 0.3109375 0.05 0.03125 0.0390625
0 0.4046875 0.05078125 0.0484375 0.05
0 0.58984375 0.0234375 0.0609375 0.046875