1 0.14921875 0.28984375 0.1 0.13125
1 0.87265625 0.44765625 0.084375 0.1046875
1 0.70859375 0.3984375 0.1125 0.1328125
1 0.40234375 0.346875 0.096875 0.1140625
1 0.9734375 0.4859375 0.053125 0.125
1 0.459375 0.36953125 0.06875 0.0828125
1 0.271875 0.33984375 0.0640625 0.0828125
1 0.503125 0.39296875 0.0671875 0.090625
1 0.67421875 0.39921875 0.075 0.1046875
1 0.5484375 0.4140625 0.046875 0.0640625
0 0.60390625 0.40703125 0.0515625 0.0671875
1 0.3265625 0.37109375 0.046875 0.0578125
1 0.1046875 0.31328125 0.071875 0.0921875