1 0.70390625 0.28046875 0.0953125 0.1046875
0 0.428125 0.271875 0.0734375 0.1046875
0 0.28359375 0.29140625 0.0734375 0.1
0 0.9015625 0.24765625 0.1015625 0.1203125
0 0.1390625 0.26953125 0.1046875 0.1359375
0 0.540625 0.25625 0.0859375 0.1078125
0 0.85859375 0.25078125 0.071875 0.0984375
0 0.49140625 0.2765625 0.0625 0.0796875
0 0.20234375 0.30625 0.065625 0.0890625
0 0.4125 0.025 0.071875 0.0453125
0 0.26484375 0.0296875 0.0703125 0.0328125
0 0.88359375 0.00546875 0.0984375 0.0109375
0 0.1265625 0.06328125 0.103125 0.0828125
0 0.52421875 0.02421875 0.0859375 0.0484375
0 0.47265625 0.0109375 0.0609375 0.021875