1 0.2984375 0.4421875 0.053125 0.06953125
0 0.7328125 0.43515625 0.05078125 0.0796875
0 0.79296875 0.4109375 0.06015625 0.07734375
0 0.6109375 0.4375 0.05078125 0.0671875
0 0.08203125 0.46875 0.05546875 0.06015625
0 0.52890625 0.43515625 0.0453125 0.0578125
0 0.25234375 0.48046875 0.0484375 0.053125
0 0.3796875 0.49296875 0.03828125 0.05078125
0 0.4234375 0.48046875 0.040625 0.0625
1 0.47578125 0.4328125 0.03125 0.04609375
1 0.29921875 0.015625 0.05546875 0.03125
0 0.7328125 0.021875 0.053125 0.04375
0 0.79296875 0.03359375 0.0625 0.0671875
0 0.6109375 0.01796875 0.053125 0.0359375
0 0.52890625 0.0171875 0.0484375 0.03359375
1 0.47578125 0.01484375 0.03359375 0.02890625