1 0.67578125 0.25703125 0.10625 0.1140625
0 0.40078125 0.28203125 0.0859375 0.1125
0 0.259375 0.31875 0.084375 0.1078125
0 0.86796875 0.20078125 0.1140625 0.1296875
0 0.1140625 0.315625 0.11875 0.1453125
0 0.5109375 0.253125 0.0984375 0.1171875
0 0.82578125 0.209375 0.08125 0.1046875
0 0.4640625 0.2796875 0.071875 0.0859375
0 0.18046875 0.34375 0.075 0.09375
0 0.35546875 0.0390625 0.0765625 0.053125
0 0.209375 0.06171875 0.0734375 0.040625
0 0.07578125 0.11171875 0.1109375 0.09375
0 0.46484375 0.0265625 0.0890625 0.053125
0 0.4140625 0.0171875 0.0625 0.0296875