1 0.84609375 0.35546875 0.071875 0.08203125
1 0.93046875 0.340625 0.0625 0.0796875
1 0.71171875 0.340625 0.05078125 0.06953125
1 0.41328125 0.34375 0.0484375 0.06484375
1 0.56015625 0.35078125 0.0578125 0.06953125
1 0.6609375 0.340625 0.040625 0.0625
1 0.2984375 0.3625 0.0453125 0.06015625
1 0.49296875 0.34609375 0.040625 0.0578125
1 0.0984375 0.34609375 0.0453125 0.0625
1 0.1875 0.43046875 0.06015625 0.0484375
1 0.19453125 0.353125 0.03359375 0.04609375
1 0.759375 0.3625 0.0484375 0.08203125
1 0.53125 0.3625 0.040625 0.06484375