1 0.871875 0.45 0.090625 0.0984375
1 0.95703125 0.4578125 0.08125 0.09375
1 0.74609375 0.40078125 0.0671875 0.0796875
1 0.45703125 0.3265625 0.0640625 0.075
1 0.596875 0.37109375 0.0734375 0.0828125
1 0.696875 0.3875 0.0546875 0.0703125
1 0.340625 0.31484375 0.059375 0.0703125
1 0.5328125 0.34921875 0.0546875 0.065625
1 0.15234375 0.24765625 0.059375 0.071875
1 0.21640625 0.35234375 0.0703125 0.0625
1 0.24296875 0.27890625 0.04375 0.053125
1 0.7859375 0.434375 0.06875 0.0921875
1 0.565625 0.375 0.05625 0.0734375