1 0.09453125 0.45078125 0.1046875 0.1328125
1 0.81875 0.30078125 0.0859375 0.10625
1 0.64921875 0.32265625 0.115625 0.1359375
1 0.3484375 0.39921875 0.1 0.115625
1 0.93515625 0.29140625 0.0765625 0.1265625
1 0.409375 0.39765625 0.0703125 0.084375
1 0.2265625 0.446875 0.065625 0.084375
1 0.459375 0.40078125 0.0703125 0.0921875
1 0.61796875 0.3375 0.078125 0.10625
1 0.509375 0.4015625 0.0484375 0.0640625
0 0.55703125 0.37265625 0.053125 0.0671875
1 0.2890625 0.45234375 0.0484375 0.0578125
1 0.06328125 0.48984375 0.075 0.0921875