0 0.94296875 0.425 0.065625 0.0828125
0 0.60078125 0.48359375 0.134375 0.14375
0 0.871875 0.4625 0.075 0.0734375
0 0.70078125 0.434375 0.05625 0.065625
0 0.06328125 0.43046875 0.0953125 0.084375
0 0.809375 0.45390625 0.090625 0.1
0 0.2671875 0.48671875 0.134375 0.14375
0 0.521875 0.38125 0.05 0.06875
0 0.1796875 0.440625 0.0859375 0.0859375
0 0.0484375 0.38515625 0.0609375 0.05625
0 0.16796875 0.36796875 0.04375 0.040625
0 0.3328125 0.39921875 0.0296875 0.0390625
0 0.4265625 0.39296875 0.046875 0.05
0 0.6140625 0.40859375 0.059375 0.0515625
0 0.9359375 0.0203125 0.06875 0.040625
0 0.69296875 0.015625 0.0578125 0.03125
0 0.05703125 0.03671875 0.096875 0.059375
0 0.80078125 0.0125 0.0921875 0.025
0 0.51640625 0.05546875 0.05 0.06875
0 0.17109375 0.028125 0.0875 0.046875
0 0.04296875 0.06796875 0.0609375 0.05625
0 0.16328125 0.08046875 0.04375 0.040625
0 0.3265625 0.04375 0.0296875 0.0390625
0 0.4203125 0.04765625 0.046875 0.05
0 0.60625 0.025 0.059375 0.05