1 0.39765625 0.29375 0.1265625 0.128125
1 0.4796875 0.315625 0.1703125 0.1625
1 0.93125 0.26015625 0.0671875 0.0734375
1 0.72265625 0.278125 0.071875 0.075
1 0.83828125 0.35625 0.065625 0.06875
1 0.68125 0.325 0.0828125 0.0875
0 0.71171875 0.17421875 0.05625 0.0671875
0 0.60390625 0.20234375 0.05 0.0609375
0 0.534375 0.20859375 0.0671875 0.0671875
0 0.2703125 0.31171875 0.0578125 0.065625
0 0.2984375 0.2375 0.0625 0.06875
0 0.45625 0.21796875 0.059375 0.065625
0 0.153125 0.240625 0.046875 0.059375