1 0.3015625 0.43203125 0.05625 0.071875
0 0.7359375 0.44765625 0.0546875 0.0828125
0 0.796875 0.4265625 0.0640625 0.0796875
0 0.6140625 0.44375 0.0546875 0.0703125
0 0.084375 0.446875 0.0578125 0.0625
0 0.53203125 0.43671875 0.0484375 0.059375
0 0.25390625 0.4671875 0.0515625 0.05625
0 0.38046875 0.48671875 0.040625 0.053125
0 0.42421875 0.4765625 0.04375 0.0640625
1 0.4796875 0.43125 0.034375 0.0484375
1 0.325 0.0109375 0.05625 0.021875
0 0.7578125 0.034375 0.0546875 0.046875
0 0.8171875 0.04921875 0.065625 0.0703125
0 0.6359375 0.02421875 0.0546875 0.0390625
0 0.55390625 0.01953125 0.05 0.0359375
1 0.5015625 0.01484375 0.034375 0.0296875