1 0.3734375 0.3078125 0.1375 0.1390625
1 0.4578125 0.31953125 0.184375 0.178125
1 0.8984375 0.21015625 0.075 0.0796875
1 0.69375 0.253125 0.0796875 0.08125
1 0.81796875 0.31640625 0.071875 0.075
1 0.65859375 0.30390625 0.090625 0.0953125
0 0.6703125 0.15078125 0.0625 0.071875
0 0.56640625 0.1921875 0.0546875 0.0640625
0 0.4984375 0.20625 0.0734375 0.0734375
0 0.24921875 0.34140625 0.0640625 0.0703125
0 0.26796875 0.2640625 0.06875 0.0734375
0 0.421875 0.22578125 0.065625 0.071875
0 0.12421875 0.284375 0.053125 0.0640625