1 0.115625 0.3609375 0.0796875 0.11796875
1 0.85546875 0.37734375 0.0671875 0.09375
1 0.68515625 0.3609375 0.09140625 0.11796875
1 0.375 0.36796875 0.0796875 0.10078125
1 0.97109375 0.39453125 0.05078125 0.11796875
1 0.43515625 0.3796875 0.05546875 0.07421875
1 0.2453125 0.38671875 0.05078125 0.07421875
1 0.4828125 0.39453125 0.053125 0.08203125
1 0.6515625 0.36796875 0.0578125 0.09609375
1 0.53125 0.40625 0.0359375 0.0578125
0 0.584375 0.3890625 0.040625 0.06015625
1 0.30546875 0.40625 0.03828125 0.05078125
1 0.0765625 0.3921875 0.0578125 0.08203125