1 0.71875 0.2953125 0.0890625 0.0984375
0 0.44453125 0.2671875 0.0671875 0.10078125
0 0.2984375 0.2765625 0.0671875 0.09609375
0 0.91796875 0.2765625 0.09375 0.11328125
0 0.15625 0.2453125 0.09609375 0.1296875
0 0.5578125 0.259375 0.0796875 0.103125
0 0.875 0.2765625 0.06484375 0.09375
0 0.50703125 0.2765625 0.0578125 0.0765625
0 0.21640625 0.2859375 0.06015625 0.084375
0 0.44609375 0.0203125 0.06953125 0.040625
0 0.2984375 0.0140625 0.06875 0.028125
0 0.91796875 0.01796875 0.09609375 0.0359375
0 0.1578125 0.03828125 0.0984375 0.0765625
0 0.5578125 0.02421875 0.08203125 0.0484375
0 0.875 0.01328125 0.0671875 0.0265625
0 0.5078125 0.009375 0.059375 0.01875