1 0.31171875 0.3140625 0.053125 0.05625
1 0.6484375 0.25390625 0.0578125 0.0671875
1 0.12109375 0.35078125 0.04375 0.0609375
1 0.19375 0.36484375 0.0375 0.05
1 0.21015625 0.34140625 0.0328125 0.04375
1 0.8171875 0.34296875 0.071875 0.0921875
1 0.675 0.2609375 0.0390625 0.0609375
1 0.57890625 0.2859375 0.0484375 0.0625
1 0.4203125 0.3140625 0.0484375 0.0640625
1 0.46796875 0.3265625 0.0546875 0.0625
1 0.5171875 0.31640625 0.025 0.0359375
1 0.0640625 0.3515625 0.0484375 0.0578125
1 0.00390625 0.35390625 0.0078125 0.0578125
1 0.284375 0.05625 0.053125 0.05625
1 0.6265625 0.04453125 0.0578125 0.0671875
1 0.09296875 0.06484375 0.0453125 0.0546875
1 0.1609375 0.04375 0.0375 0.025
1 0.18125 0.0515625 0.0359375 0.04375
1 0.65078125 0.03203125 0.0390625 0.0609375
1 0.55078125 0.0296875 0.0484375 0.059375
1 0.3921875 0.0359375 0.05 0.059375
1 0.43671875 0.0234375 0.0546875 0.04375
1 0.484375 0.015625 0.028125 0.03125
1 0.0359375 0.07265625 0.05 0.0578125