1 0.6421875 0.29453125 0.0875 0.10625
1 0.42890625 0.25625 0.0828125 0.0875
1 0.796875 0.3890625 0.1171875 0.1375
1 0.10703125 0.234375 0.15 0.1859375
1 0.96953125 0.40703125 0.0609375 0.0796875
1 0.31796875 0.24921875 0.053125 0.0609375
1 0.28359375 0.2234375 0.0421875 0.0515625
0 0.39140625 0.26015625 0.040625 0.053125
1 0.47109375 0.27734375 0.0453125 0.06875
1 0.52109375 0.2859375 0.0421875 0.0546875
1 0.55390625 0.2921875 0.0484375 0.0625
0 0.20703125 0.2140625 0.046875 0.040625
1 0.23828125 0.20625 0.040625 0.0421875
0 0.8609375 0.396875 0.0671875 0.0953125
1 0.76328125 0.31484375 0.040625 0.04375
1 0.69296875 0.0546875 0.0796875 0.0625
1 0.48203125 0.01171875 0.0765625 0.0234375
1 0.5296875 0.00625 0.0375 0.0125
1 0.58046875 0.0109375 0.0375 0.0171875
1 0.61328125 0.01953125 0.0421875 0.0203125
1 0.81640625 0.06953125 0.040625 0.0328125