1 0.6828125 0.61328125 0.071875 0.090625
1 0.89453125 0.53828125 0.0625 0.084375
1 0.4953125 0.61796875 0.08125 0.1
1 0.7359375 0.584375 0.0625 0.075
1 0.94453125 0.5265625 0.05625 0.0765625
1 0.1828125 0.509375 0.059375 0.0796875
1 0.18046875 0.60546875 0.059375 0.0765625
1 0.61796875 0.53125 0.0578125 0.0671875
1 0.2671875 0.6734375 0.084375 0.121875
1 0.77890625 0.509375 0.059375 0.0875
1 0.53359375 0.56484375 0.0671875 0.0671875
1 0.2953125 0.5671875 0.05 0.0671875
1 0.55546875 0.50703125 0.05 0.0578125
1 0.459375 0.47578125 0.0484375 0.059375
1 0.4203125 0.5578125 0.053125 0.059375
1 0.2671875 0.96171875 0.0875 0.071875