1 0.26328125 0.415625 0.059375 0.0796875
1 0.49609375 0.43984375 0.0453125 0.0625
0 0.20390625 0.44609375 0.0734375 0.0875
0 0.70234375 0.44296875 0.06875 0.0921875
0 0.93671875 0.40703125 0.1265625 0.1421875
0 0.59453125 0.446875 0.06875 0.0796875
0 0.8328125 0.45 0.0625 0.0828125
0 0.1421875 0.43828125 0.059375 0.0671875
0 0.38671875 0.4578125 0.0546875 0.071875
0 0.75703125 0.4625 0.0484375 0.059375
0 0.66171875 0.45078125 0.0359375 0.0625
0 0.08359375 0.45625 0.0453125 0.059375
0 0.34921875 0.478125 0.0484375 0.0625
0 0.42734375 0.42890625 0.0359375 0.046875
0 0.45078125 0.46875 0.0453125 0.053125
0 0.79765625 0.4703125 0.0375 0.0640625
0 0.528125 0.47265625 0.040625 0.053125