1 0.25 0.4796875 0.0703125 0.0859375
1 0.48046875 0.44296875 0.0546875 0.0671875
0 0.2 0.52421875 0.0859375 0.096875
0 0.68125 0.39296875 0.08125 0.1
0 0.89921875 0.296875 0.1484375 0.159375
0 0.57734375 0.42421875 0.0796875 0.0890625
0 0.80859375 0.365625 0.0734375 0.090625
0 0.13828125 0.5328125 0.0671875 0.075
0 0.3796875 0.4890625 0.0640625 0.078125
0 0.73828125 0.39765625 0.05625 0.065625
0 0.64296875 0.41015625 0.0453125 0.065625
0 0.08671875 0.565625 0.0546875 0.065625
0 0.3484375 0.51796875 0.05625 0.06875
0 0.4109375 0.45 0.0421875 0.0515625
0 0.44453125 0.48203125 0.053125 0.059375
0 0.7796875 0.39453125 0.0453125 0.06875
0 0.5203125 0.46640625 0.0484375 0.0578125