1 0.63828125 0.2921875 0.0859375 0.1046875
1 0.42421875 0.2578125 0.0828125 0.0859375
1 0.79453125 0.38359375 0.115625 0.1359375
1 0.10234375 0.24140625 0.146875 0.184375
1 0.96953125 0.3984375 0.0609375 0.078125
1 0.31328125 0.253125 0.0515625 0.0609375
1 0.278125 0.2265625 0.0421875 0.0515625
0 0.38671875 0.2625 0.040625 0.053125
1 0.4671875 0.278125 0.0453125 0.0671875
1 0.5171875 0.28515625 0.0421875 0.0546875
1 0.55 0.29140625 0.0484375 0.0625
0 0.20234375 0.21953125 0.046875 0.040625
1 0.2328125 0.2109375 0.0390625 0.0421875
0 0.859375 0.390625 0.065625 0.0953125
1 0.759375 0.31015625 0.040625 0.04375
1 0.68515625 0.0515625 0.0796875 0.0609375
1 0.47421875 0.01171875 0.0765625 0.0234375
1 0.521875 0.00625 0.0375 0.0125
1 0.57265625 0.009375 0.0375 0.015625
1 0.6046875 0.0171875 0.0421875 0.01875
1 0.809375 0.0640625 0.040625 0.0328125