1 0.33203125 0.2953125 0.0484375 0.05078125
1 0.6734375 0.27109375 0.05078125 0.0625
1 0.1390625 0.31171875 0.03828125 0.0578125
1 0.209375 0.33359375 0.03359375 0.04609375
1 0.228125 0.31171875 0.02890625 0.040625
1 0.83203125 0.37734375 0.0625 0.08671875
1 0.69921875 0.28046875 0.03359375 0.0578125
1 0.60078125 0.2953125 0.04296875 0.0578125
1 0.43984375 0.30703125 0.04296875 0.06015625
1 0.4859375 0.32421875 0.0484375 0.0578125
1 0.5359375 0.31953125 0.021875 0.03359375
1 0.08203125 0.30703125 0.04296875 0.053125
1 0.01171875 0.30234375 0.021875 0.05546875
1 0.33203125 0.0359375 0.0484375 0.05078125
1 0.6734375 0.06015625 0.05078125 0.0625
1 0.140625 0.025 0.040625 0.05
1 0.21015625 0.0109375 0.0359375 0.021875
1 0.2296875 0.0203125 0.03125 0.040625
1 0.69921875 0.05078125 0.03359375 0.0578125
1 0.60078125 0.0359375 0.04296875 0.0578125
1 0.44140625 0.02734375 0.0453125 0.0546875
1 0.48671875 0.01953125 0.05078125 0.03828125
1 0.5359375 0.015625 0.02421875 0.03125
1 0.0828125 0.0265625 0.0453125 0.053125
1 0.01171875 0.02890625 0.021875 0.05546875