1 0.14765625 0.33359375 0.140625 0.1671875
1 0.28515625 0.33828125 0.1296875 0.1515625
1 0.440625 0.38125 0.11875 0.14375
1 0.48203125 0.31953125 0.0828125 0.1140625
1 0.796875 0.35859375 0.115625 0.1578125
1 0.73359375 0.39765625 0.090625 0.1046875
0 0.56796875 0.3609375 0.13125 0.1640625
0 0.9640625 0.38046875 0.071875 0.1109375
1 0.88515625 0.3734375 0.0640625 0.0984375
1 0.17734375 0.0078125 0.1328125 0.015625
1 0.31484375 0.0140625 0.1234375 0.028125
1 0.5078125 0.03125 0.08125 0.0625
1 0.82265625 0.06171875 0.1109375 0.078125
0 0.596875 0.03203125 0.1234375 0.0609375
0 0.97890625 0.0609375 0.0421875 0.046875
1 0.91328125 0.0515625 0.0609375 0.0390625