1 0.1609375 0.23203125 0.1203125 0.1296875
1 0.3875 0.46171875 0.09375 0.1078125
1 0.73359375 0.3046875 0.0359375 0.0390625
1 0.4125 0.2796875 0.021875 0.0296875
1 0.71796875 0.2734375 0.0265625 0.0265625
1 0.4203125 0.23125 0.0203125 0.021875
1 0.371875 0.259375 0.021875 0.021875
1 0.57890625 0.24453125 0.0171875 0.0171875
1 0.559375 0.2625 0.0140625 0.021875
1 0.16328125 0.0921875 0.1203125 0.1296875
1 0.73828125 0.03984375 0.0359375 0.0390625
1 0.41640625 0.05390625 0.021875 0.0296875
1 0.721875 0.07109375 0.0265625 0.0265625
1 0.42265625 0.1015625 0.0203125 0.021875
1 0.37578125 0.071875 0.021875 0.021875
1 0.58125 0.0953125 0.0171875 0.0171875
1 0.56328125 0.075 0.0140625 0.021875