1 0.259375 0.428125 0.05546875 0.0765625
1 0.49296875 0.43984375 0.04296875 0.06015625
0 0.2015625 0.46171875 0.06953125 0.084375
0 0.69921875 0.4328125 0.06484375 0.0890625
0 0.9328125 0.384375 0.12265625 0.13671875
0 0.59140625 0.4421875 0.06484375 0.0765625
0 0.8296875 0.4328125 0.0578125 0.0796875
0 0.1390625 0.45703125 0.05546875 0.06484375
0 0.384375 0.4640625 0.05078125 0.06953125
0 0.7546875 0.44921875 0.0453125 0.0578125
0 0.65859375 0.4421875 0.03359375 0.06015625
0 0.08203125 0.478125 0.04296875 0.0578125
0 0.3484375 0.4859375 0.0453125 0.06015625
0 0.4234375 0.4328125 0.03359375 0.0453125
0 0.44921875 0.47109375 0.04296875 0.05078125
0 0.7953125 0.4546875 0.03359375 0.0625
0 0.5265625 0.47109375 0.03828125 0.05078125