1 0.15625 0.23828125 0.11796875 0.12734375
1 0.38671875 0.4640625 0.09140625 0.10546875
1 0.73046875 0.30078125 0.0359375 0.03828125
1 0.40859375 0.28125 0.021875 0.02890625
1 0.7140625 0.26953125 0.0265625 0.0265625
1 0.415625 0.2328125 0.01953125 0.021875
1 0.36796875 0.26171875 0.021875 0.021875
1 0.57421875 0.24296875 0.0171875 0.0171875
1 0.55546875 0.26171875 0.0140625 0.021875
1 0.15625 0.0984375 0.11796875 0.12734375
1 0.73046875 0.0359375 0.0359375 0.03828125
1 0.40859375 0.05546875 0.021875 0.02890625
1 0.7140625 0.0671875 0.0265625 0.0265625
1 0.415625 0.103125 0.01953125 0.021875
1 0.36796875 0.07421875 0.021875 0.021875
1 0.57421875 0.09375 0.0171875 0.0171875
1 0.55546875 0.07421875 0.0140625 0.021875