1 0.3625 0.27421875 0.0546875 0.05625
1 0.70390625 0.29765625 0.059375 0.06875
1 0.16875 0.26328125 0.0453125 0.0625
1 0.23515625 0.29453125 0.0390625 0.05
1 0.25703125 0.27578125 0.034375 0.04375
1 0.84609375 0.425 0.0734375 0.0953125
1 0.728125 0.31015625 0.040625 0.0625
1 0.628125 0.31171875 0.05 0.0625
1 0.4671875 0.30078125 0.0515625 0.065625
1 0.51015625 0.32421875 0.05625 0.0640625
1 0.5609375 0.3265625 0.0265625 0.0359375
1 0.11328125 0.25078125 0.05 0.0578125
1 0.04375 0.2359375 0.0296875 0.0578125
1 0.39765625 0.02265625 0.0546875 0.0453125
1 0.7328125 0.08828125 0.059375 0.06875
1 0.29921875 0.0046875 0.0359375 0.009375
1 0.76015625 0.0828125 0.040625 0.0625
1 0.6640625 0.0546875 0.05 0.0625
1 0.5078125 0.0265625 0.053125 0.053125
1 0.55390625 0.02265625 0.05625 0.0453125
1 0.603125 0.025 0.028125 0.034375