1 0.59609375 0.26953125 0.06953125 0.09375
1 0.3796875 0.2765625 0.06953125 0.07421875
1 0.7671875 0.3296875 0.09375 0.1203125
1 0.06015625 0.321875 0.11796875 0.165625
1 0.94453125 0.31015625 0.05546875 0.06953125
1 0.26953125 0.29296875 0.04296875 0.053125
1 0.23046875 0.27421875 0.03359375 0.0453125
0 0.34375 0.28828125 0.03125 0.0484375
1 0.42578125 0.28828125 0.03359375 0.0625
1 0.47578125 0.2859375 0.03359375 0.0484375
1 0.509375 0.2859375 0.03828125 0.05546875
0 0.15390625 0.28125 0.040625 0.03359375
1 0.1828125 0.2671875 0.03359375 0.0359375
0 0.83203125 0.32421875 0.05078125 0.08671875
1 0.71875 0.2640625 0.03359375 0.03828125
1 0.59609375 0.02421875 0.071875 0.0484375
1 0.3796875 0.015625 0.071875 0.03125
1 0.23203125 0.009375 0.0359375 0.01875
1 0.4265625 0.00703125 0.0359375 0.0140625
1 0.47734375 0.0046875 0.0359375 0.009375
1 0.5109375 0.00625 0.040625 0.01171875
0 0.15390625 0.00390625 0.04296875 0.00703125
1 0.18359375 0.0109375 0.0359375 0.021875
1 0.7203125 0.01328125 0.0359375 0.0265625