1 0.134375 0.36484375 0.12734375 0.15625
1 0.271875 0.3578125 0.11796875 0.1421875
1 0.43046875 0.38671875 0.1078125 0.13515625
1 0.46640625 0.321875 0.07421875 0.10859375
1 0.78359375 0.33359375 0.103125 0.14921875
1 0.7234375 0.37734375 0.08203125 0.0984375
0 0.55546875 0.35546875 0.11796875 0.15390625
0 0.9546875 0.340625 0.0671875 0.10625
1 0.87265625 0.340625 0.05546875 0.09375
1 0.134375 0.0203125 0.1296875 0.040625
1 0.271875 0.0203125 0.1203125 0.040625
1 0.46640625 0.03046875 0.0765625 0.06015625
1 0.78359375 0.03515625 0.10546875 0.06953125
0 0.55546875 0.025 0.1203125 0.05
0 0.95546875 0.0203125 0.06953125 0.040625
1 0.87265625 0.0171875 0.0578125 0.03359375