1 0.11640625 0.43046875 0.153125 0.1765625
1 0.25078125 0.39921875 0.140625 0.1609375
1 0.41171875 0.40078125 0.1296875 0.1515625
1 0.4359375 0.33046875 0.0921875 0.1203125
1 0.75 0.28671875 0.128125 0.165625
1 0.6984375 0.340625 0.0984375 0.1109375
0 0.5296875 0.34765625 0.1421875 0.171875
0 0.9203125 0.2640625 0.084375 0.115625
1 0.8390625 0.278125 0.0703125 0.1015625
1 0.06171875 0.090625 0.1234375 0.0625
1 0.1921875 0.0671875 0.125 0.0609375
1 0.38515625 0.04375 0.0859375 0.071875
1 0.6984375 0.01796875 0.115625 0.0359375
0 0.47109375 0.02890625 0.1265625 0.0578125