1 0.1265625 0.28203125 0.1328125 0.140625
1 0.3828125 0.478125 0.103125 0.115625
1 0.7046875 0.27421875 0.040625 0.0421875
1 0.3828125 0.29375 0.025 0.03125
1 0.684375 0.2453125 0.0296875 0.0296875
1 0.38359375 0.2453125 0.021875 0.0234375
1 0.33984375 0.2796875 0.025 0.025
1 0.5421875 0.2359375 0.01875 0.01875
1 0.52578125 0.25703125 0.0171875 0.0234375
1 0.11015625 0.14296875 0.1328125 0.140625
1 0.671875 0.015625 0.040625 0.03125
1 0.35546875 0.06953125 0.025 0.03125
1 0.659375 0.04453125 0.0296875 0.0296875
1 0.36796875 0.11640625 0.021875 0.0234375
1 0.3171875 0.09375 0.025 0.025
1 0.52421875 0.0875 0.01875 0.01875
1 0.503125 0.0703125 0.0171875 0.0234375