1 0.6953125 0.58984375 0.0828125 0.1
1 0.89609375 0.48984375 0.071875 0.090625
1 0.509375 0.61796875 0.09375 0.109375
1 0.74453125 0.5546875 0.0703125 0.08125
1 0.94453125 0.471875 0.0640625 0.0828125
1 0.1859375 0.54765625 0.06875 0.0859375
1 0.19609375 0.64375 0.06875 0.0828125
1 0.62109375 0.51640625 0.065625 0.0734375
1 0.28984375 0.70078125 0.0984375 0.13125
1 0.778125 0.475 0.0703125 0.09375
1 0.54140625 0.56015625 0.075 0.075
1 0.3046875 0.59140625 0.0578125 0.0734375
1 0.55625 0.5 0.0578125 0.0640625
1 0.45703125 0.48125 0.0546875 0.065625
1 0.428125 0.5671875 0.059375 0.065625
1 0.32421875 0.97265625 0.0953125 0.0546875