1 0.30078125 0.71328125 0.0359375 0.040625
1 0.809375 0.51640625 0.0375 0.0359375
1 0.41953125 0.62109375 0.034375 0.0234375
1 0.31328125 0.61796875 0.040625 0.0375
1 0.40625 0.59140625 0.0328125 0.0328125
1 0.475 0.42890625 0.0375 0.0375
1 0.60234375 0.34453125 0.040625 0.0359375
1 0.59921875 0.43828125 0.040625 0.040625
1 0.4734375 0.31796875 0.028125 0.0296875
1 0.5078125 0.30546875 0.0375 0.0359375
1 0.553125 0.30078125 0.0328125 0.0421875
1 0.28984375 0.934375 0.0359375 0.040625
1 0.4890625 0.00859375 0.03125 0.0171875
1 0.52265625 0.01796875 0.0375 0.0359375
1 0.56796875 0.02734375 0.0328125 0.0421875