1 0.07734375 0.33125 0.059375 0.0671875
0 0.31796875 0.33984375 0.0765625 0.0828125
0 0.4828125 0.3640625 0.075 0.078125
0 0.8125 0.378125 0.0609375 0.0859375
0 0.6296875 0.36484375 0.053125 0.071875
1 0.54609375 0.3546875 0.025 0.0421875
1 0.38046875 0.346875 0.0359375 0.0515625
1 0.5765625 0.3578125 0.0328125 0.0515625
1 0.759375 0.3734375 0.0296875 0.0453125
0 0.90390625 0.38359375 0.0375 0.0515625
0 0.1375 0.33828125 0.0421875 0.046875
0 0.025 0.3390625 0.0359375 0.046875
0 0.17578125 0.33671875 0.025 0.034375
1 0.08671875 0.0765625 0.059375 0.0671875
0 0.3265625 0.08515625 0.0765625 0.0828125
0 0.49296875 0.071875 0.075 0.078125
0 0.82265625 0.08046875 0.0609375 0.0859375
0 0.63984375 0.08203125 0.053125 0.071875
1 0.55546875 0.0859375 0.025 0.0421875
1 0.38984375 0.0828125 0.0359375 0.0515625
1 0.58671875 0.08515625 0.0328125 0.0515625
1 0.76953125 0.08203125 0.0296875 0.0453125
0 0.9140625 0.08125 0.0375 0.0515625
0 0.146875 0.07421875 0.0421875 0.046875
0 0.034375 0.065625 0.0359375 0.046875
0 0.18515625 0.078125 0.025 0.034375