0 0.896875 0.36953125 0.06953125 0.0984375
0 0.32421875 0.37265625 0.08203125 0.09609375
0 0.5578125 0.36953125 0.06953125 0.09140625
0 0.040625 0.35546875 0.06953125 0.11796875
0 0.83203125 0.40859375 0.11328125 0.14921875
0 0.1203125 0.38671875 0.1203125 0.14453125
0 0.4859375 0.3890625 0.08671875 0.10625
0 0.24296875 0.33125 0.10546875 0.14453125
0 0.7046875 0.36953125 0.09375 0.13046875
0 0.37734375 0.3671875 0.0578125 0.06953125
0 0.6390625 0.375 0.0484375 0.075
0 0.040625 0.01796875 0.071875 0.0359375
0 0.24375 0.0375 0.1078125 0.075
0 0.7046875 0.01484375 0.09609375 0.02890625