1 0.3328125 0.7390625 0.0375 0.040625
1 0.80859375 0.47265625 0.0390625 0.0359375
1 0.43671875 0.63125 0.0359375 0.025
1 0.33125 0.64296875 0.040625 0.0390625
1 0.41953125 0.603125 0.034375 0.034375
1 0.46484375 0.43359375 0.0390625 0.0390625
1 0.5796875 0.33125 0.040625 0.0375
1 0.58984375 0.425 0.0421875 0.0421875
1 0.4484375 0.3234375 0.0296875 0.03125
1 0.48046875 0.30625 0.0390625 0.0359375
1 0.525 0.2953125 0.034375 0.04375
1 0.35234375 0.959375 0.0375 0.040625
1 0.4203125 0.0140625 0.03125 0.021875
1 0.45546875 0.01953125 0.0390625 0.0359375
1 0.5015625 0.02265625 0.034375 0.04375