1 0.33203125 0.43515625 0.07421875 0.09375
1 0.68515625 0.45625 0.06484375 0.08203125
1 0.1078125 0.45390625 0.06015625 0.0796875
1 0.0453125 0.46640625 0.0578125 0.06484375
1 0.5046875 0.44453125 0.053125 0.0625
1 0.634375 0.48828125 0.040625 0.053125
1 0.86328125 0.48046875 0.0359375 0.05078125
1 0.93984375 0.49296875 0.0484375 0.04609375
1 0.9015625 0.4828125 0.0359375 0.0578125
1 0.40859375 0.48828125 0.03125 0.040625
1 0.59375 0.478125 0.0265625 0.03359375
1 0.15625 0.47109375 0.021875 0.03359375
1 0.28359375 0.47109375 0.01953125 0.02421875