0 0.834375 0.43046875 0.084375 0.08203125
0 0.73828125 0.36953125 0.05546875 0.075
0 0.1921875 0.3671875 0.1203125 0.12265625
0 0.46875 0.39140625 0.0578125 0.06484375
0 0.3125 0.39375 0.053125 0.06484375
0 0.790625 0.39375 0.053125 0.06484375
0 0.134375 0.33828125 0.053125 0.09375
0 0.384375 0.41796875 0.03125 0.04609375
0 0.5359375 0.40625 0.040625 0.0578125
0 0.6109375 0.4203125 0.071875 0.08203125
0 0.58203125 0.3796875 0.0578125 0.06953125
0 0.65859375 0.41796875 0.03359375 0.04375
0 0.19375 0.01328125 0.12265625 0.0265625
0 0.1359375 0.0203125 0.05546875 0.040625