1 0.071875 0.34609375 0.0578125 0.06484375
0 0.3125 0.34609375 0.07421875 0.0796875
0 0.478125 0.36484375 0.071875 0.075
0 0.8078125 0.3671875 0.0578125 0.084375
0 0.625 0.36015625 0.05078125 0.06953125
1 0.540625 0.353125 0.02421875 0.040625
1 0.375 0.35078125 0.03359375 0.05078125
1 0.571875 0.35546875 0.03125 0.05078125
1 0.7546875 0.36484375 0.02890625 0.04375
0 0.89921875 0.36953125 0.0359375 0.05078125
0 0.13203125 0.35078125 0.040625 0.04609375
0 0.01953125 0.35546875 0.03359375 0.04609375
0 0.1703125 0.3484375 0.02421875 0.03359375
1 0.071875 0.09140625 0.0578125 0.06484375
0 0.3125 0.09140625 0.07421875 0.0796875
0 0.478125 0.07265625 0.071875 0.075
0 0.8078125 0.06953125 0.0578125 0.084375
0 0.625 0.07734375 0.05078125 0.06953125
1 0.540625 0.084375 0.02421875 0.040625
1 0.375 0.08671875 0.03359375 0.05078125
1 0.571875 0.08203125 0.03125 0.05078125
1 0.7546875 0.07265625 0.02890625 0.04375
0 0.89921875 0.0671875 0.0359375 0.05078125
0 0.13203125 0.08671875 0.040625 0.04609375
0 0.01953125 0.08203125 0.03359375 0.04609375
0 0.1703125 0.0890625 0.02421875 0.03359375