1 0.8265625 0.30703125 0.15859375 0.19765625
1 0.58671875 0.3625 0.12734375 0.18828125
1 0.27421875 0.33828125 0.1421875 0.2
1 0.428125 0.3890625 0.103125 0.1375
1 0.6515625 0.40390625 0.0578125 0.1109375
1 0.1296875 0.3671875 0.08203125 0.14453125
0 0.50703125 0.39609375 0.05546875 0.09375
1 0.19921875 0.34609375 0.053125 0.1640625
1 0.828125 0.0625 0.1609375 0.125
1 0.58671875 0.0328125 0.1296875 0.06484375
1 0.27421875 0.046875 0.14453125 0.09375
1 0.13125 0.01953125 0.084375 0.03828125
1 0.20078125 0.03515625 0.05546875 0.06953125