1 0.3125 0.7234375 0.03359375 0.03828125
1 0.81015625 0.5 0.0359375 0.03359375
1 0.42578125 0.625 0.03359375 0.021875
1 0.31953125 0.62734375 0.03828125 0.0359375
1 0.4109375 0.59609375 0.03125 0.03125
1 0.47109375 0.43046875 0.0359375 0.0359375
1 0.59375 0.3390625 0.03828125 0.03359375
1 0.59609375 0.4328125 0.03828125 0.03828125
1 0.4640625 0.31953125 0.0265625 0.02890625
1 0.49765625 0.30546875 0.0359375 0.03359375
1 0.54296875 0.2984375 0.03125 0.040625
1 0.3125 0.94453125 0.03359375 0.03828125
1 0.46328125 0.009375 0.0296875 0.01875
1 0.49765625 0.0171875 0.0359375 0.03359375
1 0.54296875 0.02421875 0.03125 0.040625