0 0.878125 0.321875 0.08125 0.10625
0 0.31015625 0.3953125 0.09375 0.1046875
0 0.54140625 0.36328125 0.0796875 0.0984375
0 0.03359375 0.4125 0.0671875 0.125
0 0.81875 0.36875 0.13125 0.1625
0 0.109375 0.43359375 0.1375 0.1578125
0 0.47265625 0.39140625 0.0984375 0.115625
0 0.22421875 0.3640625 0.121875 0.15625
0 0.6875 0.3453125 0.109375 0.140625
0 0.36171875 0.3828125 0.065625 0.0765625
0 0.62265625 0.35859375 0.0578125 0.0796875
0 0.0109375 0.0765625 0.021875 0.04375
0 0.1890625 0.071875 0.115625 0.0875
0 0.64296875 0.00703125 0.0984375 0.0140625