1 0.32421875 0.4625 0.0875 0.1046875
1 0.67578125 0.428125 0.0765625 0.090625
1 0.10546875 0.515625 0.071875 0.0875
1 0.0453125 0.53828125 0.0671875 0.0734375
1 0.49609375 0.44453125 0.0625 0.0703125
1 0.63125 0.4671875 0.0484375 0.059375
1 0.85546875 0.42421875 0.04375 0.05625
1 0.93359375 0.42421875 0.0546875 0.053125
1 0.89375 0.4203125 0.0453125 0.0625
1 0.4078125 0.50234375 0.0375 0.0453125
1 0.5890625 0.4640625 0.03125 0.0375
1 0.15625 0.525 0.0265625 0.0359375
1 0.28203125 0.50546875 0.0234375 0.0265625