1 0.35078125 0.39921875 0.09375 0.1078125
1 0.690625 0.49921875 0.08125 0.09375
1 0.128125 0.3671875 0.0765625 0.090625
1 0.06484375 0.36484375 0.0703125 0.0765625
1 0.5171875 0.446875 0.065625 0.0734375
1 0.63359375 0.51875 0.0515625 0.0609375
1 0.85859375 0.5625 0.046875 0.0578125
1 0.93046875 0.5921875 0.0578125 0.05625
1 0.8953125 0.5734375 0.0484375 0.0640625
1 0.41328125 0.46796875 0.0390625 0.046875
1 0.59609375 0.5 0.0328125 0.0390625
1 0.171875 0.39453125 0.028125 0.0375
1 0.2953125 0.4234375 0.025 0.028125