1 0.05625 0.39921875 0.065625 0.071875
0 0.2953125 0.3703125 0.0828125 0.0875
0 0.46171875 0.36875 0.08125 0.0828125
0 0.7890625 0.33046875 0.0671875 0.090625
0 0.60703125 0.34609375 0.059375 0.075
1 0.52265625 0.34921875 0.0296875 0.04375
1 0.3578125 0.3671875 0.0390625 0.0546875
1 0.55390625 0.34765625 0.0375 0.0546875
1 0.7359375 0.33515625 0.034375 0.046875
0 0.88046875 0.321875 0.0421875 0.0546875
0 0.11640625 0.396875 0.0453125 0.05
0 0.0125 0.4140625 0.025 0.05
0 0.1546875 0.38984375 0.028125 0.0359375
1 0.02890625 0.146875 0.0578125 0.071875
0 0.2640625 0.1171875 0.0828125 0.0875
0 0.4265625 0.078125 0.08125 0.0828125
0 0.75234375 0.03984375 0.0671875 0.0796875
0 0.57265625 0.065625 0.059375 0.075
1 0.48984375 0.0828125 0.0296875 0.04375
1 0.32578125 0.1046875 0.0390625 0.0546875
1 0.5203125 0.0765625 0.0375 0.0546875
1 0.70078125 0.04453125 0.034375 0.046875
0 0.84296875 0.02421875 0.0421875 0.0484375
0 0.084375 0.134375 0.0453125 0.05
0 0.12265625 0.13203125 0.028125 0.0359375