1 0.20390625 0.3875 0.059375 0.06875
1 0.36171875 0.403125 0.0546875 0.059375
1 0.60234375 0.41328125 0.05 0.0609375
1 0.471875 0.41796875 0.04375 0.053125
1 0.2515625 0.3984375 0.04375 0.053125
1 0.565625 0.4203125 0.0375 0.053125
1 0.646875 0.4328125 0.046875 0.0515625
1 0.415625 0.42421875 0.03125 0.0421875
1 0.3828125 0.41171875 0.0296875 0.0421875
0 0.30078125 0.41640625 0.034375 0.0421875
0 0.02890625 0.41171875 0.0546875 0.1453125
1 0.2296875 0.021875 0.0625 0.04375
1 0.3890625 0.02265625 0.05625 0.0453125
1 0.62890625 0.0390625 0.05 0.0609375
1 0.49921875 0.021875 0.0453125 0.04375
1 0.278125 0.01640625 0.046875 0.0328125
1 0.59375 0.0296875 0.0390625 0.0515625
1 0.67578125 0.03125 0.0484375 0.04375
1 0.44609375 0.0125 0.0328125 0.025
1 0.4109375 0.01640625 0.03125 0.0328125
0 0.32890625 0.00859375 0.0359375 0.0171875
0 0.0578125 0.0171875 0.053125 0.034375