1 0.6296875 0.35703125 0.0796875 0.09375
1 0.81171875 0.36875 0.0953125 0.09375
1 0.75859375 0.39375 0.084375 0.115625
1 0.47890625 0.36484375 0.0640625 0.075
1 0.39140625 0.3609375 0.0640625 0.065625
1 0.3578125 0.38046875 0.04375 0.0453125
1 0.3390625 0.3515625 0.0359375 0.0328125
1 0.16328125 0.32109375 0.0421875 0.040625
1 0.09921875 0.09921875 0.0484375 0.0734375
1 0.24765625 0.353125 0.0375 0.04375
1 0.2703125 0.3625 0.03125 0.0375
1 0.70078125 0.05546875 0.0734375 0.0578125
1 0.871875 0.10859375 0.0953125 0.0859375
1 0.83046875 0.08671875 0.071875 0.0578125
1 0.11328125 0.03515625 0.0484375 0.0703125