1 0.85390625 0.28984375 0.175 0.2015625
1 0.62265625 0.315625 0.153125 0.1984375
1 0.4 0.3953125 0.078125 0.10625
1 0.16328125 0.3671875 0.1703125 0.2109375
1 0.48984375 0.39453125 0.1078125 0.134375
1 0.26171875 0.39296875 0.109375 0.1640625
1 0.321875 0.42109375 0.0921875 0.128125
1 0.81640625 0.05390625 0.1734375 0.1078125
1 0.58671875 0.07265625 0.1515625 0.1453125
1 0.3515625 0.04765625 0.075 0.071875
1 0.13125 0.1328125 0.16875 0.1890625
1 0.43984375 0.0359375 0.1015625 0.071875
1 0.21875 0.09140625 0.1046875 0.1234375
1 0.27109375 0.05625 0.0875 0.06875