1 0.21484375 0.3625 0.065625 0.0734375
1 0.37109375 0.39140625 0.059375 0.0625
1 0.609375 0.42265625 0.053125 0.0640625
1 0.47890625 0.41640625 0.0484375 0.05625
1 0.26171875 0.3765625 0.0484375 0.05625
1 0.57265625 0.42578125 0.040625 0.0546875
1 0.65234375 0.44609375 0.05 0.0546875
1 0.42265625 0.4171875 0.034375 0.0453125
1 0.39140625 0.40234375 0.0328125 0.04375
0 0.30859375 0.39921875 0.0375 0.0453125
0 0.0390625 0.37109375 0.0671875 0.146875
1 0.27421875 0.0125 0.0671875 0.025
1 0.43046875 0.0203125 0.0609375 0.040625
1 0.66796875 0.05234375 0.053125 0.0640625
1 0.540625 0.0234375 0.05 0.046875
1 0.321875 0.00859375 0.05 0.0171875
1 0.634375 0.03984375 0.04375 0.053125
1 0.71640625 0.0484375 0.0515625 0.046875
1 0.48984375 0.01171875 0.0359375 0.0234375
1 0.453125 0.01328125 0.034375 0.0265625