1 0.196875 0.40859375 0.05546875 0.06484375
1 0.35546875 0.41328125 0.05078125 0.05546875
1 0.59609375 0.40625 0.0453125 0.0578125
1 0.46640625 0.4203125 0.040625 0.05078125
1 0.2453125 0.415625 0.040625 0.05078125
1 0.56015625 0.415625 0.03359375 0.05078125
1 0.6421875 0.42265625 0.04296875 0.0484375
1 0.4109375 0.43046875 0.02890625 0.040625
1 0.37734375 0.4203125 0.0265625 0.040625
0 0.2953125 0.43046875 0.03125 0.040625
0 0.02421875 0.44453125 0.0453125 0.1421875
1 0.196875 0.03125 0.0578125 0.0625
1 0.35546875 0.0265625 0.053125 0.053125
1 0.59609375 0.03125 0.0453125 0.0578125
1 0.46640625 0.021875 0.04296875 0.04375
1 0.2453125 0.02421875 0.04296875 0.0484375
1 0.5609375 0.02421875 0.0359375 0.0484375
1 0.64296875 0.0203125 0.0453125 0.040625
1 0.4125 0.01484375 0.03125 0.02890625
1 0.37734375 0.01953125 0.02890625 0.03828125
0 0.2953125 0.01484375 0.03359375 0.02890625
0 0.02421875 0.0328125 0.0484375 0.06484375