1 0.59375 0.33125 0.0625 0.08125
1 0.77421875 0.30234375 0.0796875 0.078125
1 0.728125 0.33828125 0.0625 0.103125
1 0.44921875 0.37265625 0.05 0.065625
1 0.36328125 0.3890625 0.053125 0.05625
1 0.334375 0.415625 0.0359375 0.0375
1 0.31015625 0.39140625 0.03125 0.0265625
1 0.13203125 0.4015625 0.0359375 0.034375
1 0.01953125 0.2 0.034375 0.0671875
1 0.22109375 0.41328125 0.028125 0.0375
1 0.2453125 0.41796875 0.025 0.034375
1 0.5953125 0.021875 0.065625 0.04375
1 0.77421875 0.03515625 0.08125 0.06875
1 0.72890625 0.02265625 0.0640625 0.0453125
1 0.01953125 0.1328125 0.034375 0.0671875