1 0.88984375 0.36796875 0.1640625 0.1921875
1 0.6578125 0.3453125 0.1421875 0.1921875
1 0.42421875 0.3765625 0.071875 0.103125
1 0.1984375 0.3 0.1578125 0.2015625
1 0.51171875 0.3953125 0.1 0.128125
1 0.2890625 0.34609375 0.1 0.159375
1 0.3421875 0.3859375 0.084375 0.1234375
1 0.90859375 0.10078125 0.1640625 0.1578125
1 0.67578125 0.0875 0.1421875 0.1625
1 0.4484375 0.0296875 0.071875 0.059375
1 0.21484375 0.0765625 0.1578125 0.153125
1 0.53828125 0.03359375 0.0984375 0.0671875
1 0.30859375 0.05078125 0.0984375 0.1015625
1 0.36796875 0.025 0.0828125 0.05