0 0.11796875 0.22578125 0.134375 0.165625
1 0.18671875 0.2515625 0.0734375 0.13125
1 0.31796875 0.3140625 0.1453125 0.16875
1 0.44296875 0.30703125 0.090625 0.13125
1 0.528125 0.28671875 0.059375 0.078125
1 0.6484375 0.26640625 0.0734375 0.11875
0 0.72734375 0.2828125 0.1375 0.2015625
0 0.8296875 0.31796875 0.0625 0.0953125
0 0.91484375 0.2515625 0.1703125 0.240625
0 0.12109375 0.04765625 0.1359375 0.0953125
1 0.19140625 0.02734375 0.0765625 0.0546875
1 0.65390625 0.025 0.075 0.046875
0 0.7328125 0.03984375 0.1375 0.075
0 0.9171875 0.06875 0.165625 0.128125