0 0.49375 0.33125 0.078125 0.0875
0 0.86484375 0.23515625 0.13125 0.134375
0 0.63203125 0.33359375 0.071875 0.084375
0 0.33671875 0.3578125 0.0703125 0.0765625
0 0.684375 0.325 0.0640625 0.0796875
0 0.79609375 0.30625 0.065625 0.0765625
0 0.56328125 0.325 0.065625 0.0734375
0 0.2359375 0.39921875 0.0484375 0.0578125
0 0.45703125 0.03515625 0.0796875 0.0703125
0 0.8390625 0.0484375 0.13125 0.096875
0 0.59296875 0.0171875 0.0703125 0.034375
0 0.30078125 0.04765625 0.0703125 0.0609375
0 0.6453125 0.01328125 0.0625 0.0265625
0 0.7578125 0.0078125 0.065625 0.015625
0 0.52734375 0.0265625 0.0671875 0.053125
0 0.19375 0.0421875 0.046875 0.021875