0 0.1328125 0.20625 0.14375 0.171875
1 0.20078125 0.23515625 0.08125 0.134375
1 0.328125 0.3046875 0.153125 0.175
1 0.453125 0.30390625 0.0984375 0.1359375
1 0.5390625 0.28828125 0.0625 0.0796875
1 0.6609375 0.275 0.0796875 0.1234375
0 0.73828125 0.2953125 0.1484375 0.2078125
0 0.8390625 0.3359375 0.0671875 0.0984375
0 0.9171875 0.2734375 0.165625 0.25
0 0.1453125 0.03984375 0.140625 0.0796875
1 0.21640625 0.0203125 0.0796875 0.040625
1 0.678125 0.03359375 0.0765625 0.05
0 0.75703125 0.053125 0.140625 0.08125
0 0.9265625 0.09140625 0.146875 0.1359375