0 0.40859375 0.3921875 0.0671875 0.0875
0 0.078125 0.35859375 0.15625 0.2203125
0 0.20234375 0.34921875 0.1171875 0.1171875
0 0.496875 0.3796875 0.071875 0.084375
0 0.5984375 0.3515625 0.078125 0.1
0 0.71875 0.32890625 0.09375 0.1140625
0 0.83984375 0.33046875 0.1265625 0.1390625
0 0.7859375 0.31796875 0.05625 0.0953125
0 0.3796875 0.06171875 0.0671875 0.0875
0 0.06953125 0.15390625 0.1390625 0.2203125
0 0.18359375 0.13984375 0.1171875 0.1171875
0 0.46875 0.05859375 0.071875 0.084375
0 0.5734375 0.06875 0.078125 0.1
0 0.69609375 0.0703125 0.09375 0.1140625
0 0.81484375 0.05859375 0.1265625 0.1171875
0 0.7640625 0.06875 0.05625 0.0953125