0 0.5375 0.3359375 0.0796875 0.0890625
0 0.92109375 0.33828125 0.1328125 0.1359375
0 0.67109375 0.3734375 0.071875 0.084375
0 0.37890625 0.3203125 0.071875 0.078125
0 0.7234375 0.378125 0.065625 0.08125
0 0.8359375 0.3890625 0.0671875 0.0765625
0 0.60625 0.34765625 0.0671875 0.075
0 0.27109375 0.334375 0.05 0.0578125
0 0.57890625 0.0390625 0.0796875 0.0734375
0 0.94140625 0.13359375 0.1171875 0.1359375
0 0.7171875 0.0484375 0.0703125 0.053125
0 0.4234375 0.0203125 0.071875 0.040625
0 0.76875 0.05546875 0.0640625 0.053125
0 0.88203125 0.0734375 0.065625 0.05625
0 0.65 0.0453125 0.0671875 0.065625