0 0.4203125 0.3828125 0.0609375 0.0828125
0 0.08515625 0.31484375 0.1640625 0.209375
0 0.21953125 0.31953125 0.109375 0.109375
0 0.509375 0.3796875 0.065625 0.08125
0 0.61328125 0.36328125 0.071875 0.0953125
0 0.73515625 0.35234375 0.0859375 0.109375
0 0.85546875 0.3671875 0.1171875 0.13125
0 0.803125 0.34921875 0.05 0.0921875
0 0.42578125 0.0515625 0.0609375 0.0828125
0 0.0890625 0.10859375 0.1640625 0.209375
0 0.2234375 0.10859375 0.109375 0.109375
0 0.51484375 0.0578125 0.065625 0.08125
0 0.61796875 0.07890625 0.071875 0.0953125
0 0.73984375 0.09296875 0.0859375 0.109375
0 0.86015625 0.0828125 0.1171875 0.13125
0 0.8078125 0.09921875 0.05 0.0921875