1 0.92578125 0.51171875 0.1421875 0.1703125
1 0.7546875 0.22109375 0.11328125 0.103125
1 0.47578125 0.3890625 0.1109375 0.15390625
1 0.1078125 0.271875 0.10078125 0.1078125
1 0.6703125 0.40390625 0.11328125 0.15390625
1 0.28828125 0.365625 0.1296875 0.19453125
1 0.31484375 0.21171875 0.10546875 0.0984375
1 0.7953125 0.375 0.1109375 0.1203125
1 0.53125 0.165625 0.103125 0.08203125
1 0.7546875 0.040625 0.115625 0.08125
1 0.109375 0.0171875 0.103125 0.03359375
1 0.31640625 0.04453125 0.1078125 0.0890625
1 0.53125 0.084375 0.103125 0.08203125