0 0.41796875 0.384375 0.06015625 0.08203125
0 0.08203125 0.321875 0.1609375 0.20703125
0 0.21640625 0.32421875 0.1078125 0.1078125
0 0.50703125 0.3796875 0.06484375 0.0796875
0 0.6109375 0.3609375 0.06953125 0.09375
0 0.7328125 0.3484375 0.084375 0.1078125
0 0.853125 0.3609375 0.115625 0.1296875
0 0.80078125 0.34375 0.0484375 0.09140625
0 0.41796875 0.053125 0.06015625 0.08203125
0 0.08203125 0.115625 0.1609375 0.20703125
0 0.21640625 0.11328125 0.1078125 0.1078125
0 0.50703125 0.0578125 0.06484375 0.0796875
0 0.6109375 0.0765625 0.06953125 0.09375
0 0.7328125 0.0890625 0.084375 0.1078125
0 0.853125 0.0765625 0.115625 0.1296875
0 0.80078125 0.09375 0.0484375 0.09140625