0 0.153125 0.4015625 0.0796875 0.0953125
0 0.33203125 0.375 0.05625 0.078125
0 0.42734375 0.38515625 0.053125 0.0703125
0 0.1015625 0.42734375 0.046875 0.0640625
0 0.2890625 0.4 0.0421875 0.0625
0 0.47421875 0.384375 0.04375 0.0546875
0 0.5265625 0.3828125 0.040625 0.0453125
0 0.225 0.40546875 0.0578125 0.0609375
0 0.0203125 0.44765625 0.040625 0.0515625
0 0.58671875 0.37734375 0.0421875 0.0453125
0 0.6671875 0.340625 0.0515625 0.0625
0 0.734375 0.3546875 0.0359375 0.046875
0 0.1109375 0.0546875 0.0734375 0.03125
0 0.290625 0.03125 0.053125 0.025