1 0.73359375 0.56796875 0.0796875 0.0875
0 0.3109375 0.4765625 0.0625 0.0703125
0 0.8515625 0.60390625 0.0578125 0.0703125
0 0.4109375 0.509375 0.05625 0.0640625
0 0.2421875 0.46328125 0.0625 0.0671875
0 0.628125 0.5546875 0.0625 0.0703125
0 0.89609375 0.62109375 0.05625 0.0734375
0 0.49453125 0.53359375 0.0625 0.065625
1 0.034375 0.4125 0.0421875 0.046875
1 0.16875 0.46796875 0.05 0.0515625
0 0.66953125 0.60078125 0.0390625 0.04375
1 0.84609375 0.08125 0.071875 0.0421875
1 0.63203125 0.98515625 0.0796875 0.0296875
0 0.209375 0.9140625 0.0625 0.0703125
0 0.96640625 0.103125 0.0515625 0.028125
0 0.3140625 0.92890625 0.05625 0.0640625
0 0.1421875 0.89609375 0.0625 0.0671875
0 0.74453125 0.05 0.0546875 0.0234375
0 0.528125 0.9734375 0.0625 0.053125
0 0.4 0.94375 0.0625 0.065625
1 0.07890625 0.85859375 0.05 0.0515625
0 0.58671875 0.959375 0.0390625 0.04375