1 0.74296875 0.5140625 0.06484375 0.07421875
0 0.31015625 0.51953125 0.05078125 0.06015625
0 0.865625 0.521875 0.0453125 0.0625
0 0.415625 0.52890625 0.0453125 0.05546875
0 0.240625 0.521875 0.05078125 0.0578125
0 0.63671875 0.52421875 0.05078125 0.06015625
0 0.91328125 0.52890625 0.04296875 0.06484375
0 0.50234375 0.53359375 0.05078125 0.05546875
1 0.0265625 0.51953125 0.03359375 0.040625
1 0.1703125 0.54296875 0.040625 0.04296875
0 0.6875 0.56015625 0.03125 0.03828125
1 0.74296875 0.0140625 0.0671875 0.028125
1 0.74296875 0.96640625 0.0671875 0.0625
0 0.31015625 0.00859375 0.053125 0.0171875
0 0.31015625 0.96875 0.05078125 0.06015625
0 0.865625 0.00859375 0.0484375 0.0171875
0 0.865625 0.96640625 0.0453125 0.0625
0 0.415625 0.959375 0.0453125 0.05546875
0 0.240625 0.00703125 0.053125 0.0140625
0 0.240625 0.96640625 0.05078125 0.0578125
0 0.63671875 0.00625 0.053125 0.01171875
0 0.63671875 0.9640625 0.05078125 0.06015625
0 0.91328125 0.959375 0.04296875 0.06484375
0 0.50234375 0.9546875 0.05078125 0.05546875
1 0.0265625 0.96875 0.03359375 0.040625
1 0.1703125 0.94453125 0.040625 0.04296875
0 0.6875 0.928125 0.03125 0.03828125