0 0.16796875 0.36015625 0.06953125 0.08671875
0 0.3484375 0.35546875 0.0484375 0.07265625
0 0.4421875 0.37734375 0.0453125 0.06484375
0 0.11328125 0.3796875 0.040625 0.06015625
0 0.303125 0.375 0.0359375 0.0578125
0 0.48828125 0.38203125 0.03828125 0.05078125
0 0.540625 0.38671875 0.0359375 0.040625
0 0.23828125 0.37265625 0.05078125 0.05546875
0 0.0265625 0.3890625 0.04296875 0.04609375
0 0.60078125 0.3890625 0.03828125 0.040625
0 0.68515625 0.3625 0.0453125 0.0578125
0 0.75 0.384375 0.03125 0.04375
0 0.16796875 0.0109375 0.071875 0.021875
0 0.34921875 0.009375 0.0515625 0.01875