1 0.275 0.2921875 0.0609375 0.078125
1 0.75703125 0.34140625 0.1171875 0.134375
1 0.44453125 0.36328125 0.1140625 0.1515625
1 0.103125 0.36015625 0.1078125 0.1265625
1 0.21171875 0.3890625 0.115625 0.1328125
1 0.5171875 0.21484375 0.0640625 0.05
0 0.55546875 0.35703125 0.08125 0.0921875
1 0.271875 0.0953125 0.0609375 0.078125
1 0.75234375 0.0484375 0.1203125 0.096875
1 0.440625 0.04765625 0.115625 0.0953125
1 0.09921875 0.053125 0.109375 0.09375
1 0.20625 0.0359375 0.1171875 0.0640625
1 0.51640625 0.16640625 0.0640625 0.05
0 0.54921875 0.034375 0.0828125 0.06875