0 0.15546875 0.3953125 0.078125 0.09375
0 0.334375 0.371875 0.05625 0.0765625
0 0.4296875 0.384375 0.0515625 0.06875
0 0.103125 0.42109375 0.046875 0.0640625
0 0.29140625 0.39609375 0.0421875 0.0609375
0 0.47578125 0.38359375 0.04375 0.0546875
0 0.52890625 0.3828125 0.040625 0.04375
0 0.2265625 0.40078125 0.05625 0.0609375
0 0.0203125 0.4390625 0.040625 0.05
0 0.58828125 0.37890625 0.0421875 0.04375
0 0.66953125 0.34375 0.0515625 0.0625
0 0.73671875 0.35859375 0.0359375 0.046875
0 0.11875 0.0484375 0.0734375 0.0296875
0 0.2984375 0.028125 0.053125 0.0234375