1 0.5171875 0.40625 0.053125 0.053125
1 0.71171875 0.47109375 0.06015625 0.0625
1 0.9109375 0.4015625 0.071875 0.0671875
1 0.37265625 0.4828125 0.053125 0.06015625
1 0.66796875 0.40625 0.053125 0.0578125
1 0.55078125 0.45703125 0.0671875 0.0625
1 0.271875 0.45703125 0.04296875 0.05078125
1 0.259375 0.37734375 0.04296875 0.0453125
1 0.03125 0.446875 0.04296875 0.03359375
1 0.0484375 0.415625 0.03359375 0.03125
1 0.103125 0.43984375 0.04296875 0.04296875
1 0.13203125 0.396875 0.040625 0.03359375
0 0.834375 0.4515625 0.0796875 0.0796875
1 0.20703125 0.44921875 0.03359375 0.04296875
1 0.19453125 0.39453125 0.040625 0.0359375
1 0.5171875 0.025 0.05625 0.05
1 0.9125 0.03125 0.07421875 0.0625
1 0.66953125 0.0265625 0.05546875 0.053125
1 0.259375 0.05078125 0.04296875 0.0453125
1 0.04921875 0.0140625 0.0359375 0.028125
1 0.1046875 0.00625 0.0453125 0.01171875
1 0.13203125 0.03125 0.040625 0.03359375
0 0.834375 0.00859375 0.08203125 0.0171875
1 0.19453125 0.03359375 0.040625 0.0359375