1 0.5359375 0.41171875 0.0625 0.0625
1 0.71328125 0.515625 0.071875 0.0734375
1 0.92265625 0.4890625 0.084375 0.08125
1 0.37890625 0.45703125 0.0640625 0.0703125
1 0.68359375 0.44296875 0.0640625 0.0671875
1 0.55859375 0.46875 0.078125 0.075
1 0.2859375 0.41015625 0.053125 0.059375
1 0.28984375 0.3296875 0.0515625 0.053125
1 0.05234375 0.35078125 0.0484375 0.0421875
1 0.07578125 0.3234375 0.0390625 0.0375
1 0.12421875 0.35859375 0.0515625 0.0515625
1 0.16171875 0.32265625 0.046875 0.040625
0 0.8375 0.521875 0.09375 0.09375
1 0.22421875 0.3890625 0.0421875 0.0484375
1 0.2234375 0.33359375 0.046875 0.04375
1 0.615625 0.0390625 0.065625 0.0609375
1 0.97890625 0.12734375 0.0421875 0.0765625
1 0.7640625 0.071875 0.065625 0.0640625
1 0.35703125 0.01875 0.0515625 0.0375
0 0.92890625 0.0890625 0.084375 0.034375