1 0.946875 0.66328125 0.10625 0.1453125
1 0.74921875 0.659375 0.115625 0.1234375
1 0.66875 0.6859375 0.1046875 0.10625
1 0.03125 0.45859375 0.0625 0.0890625
1 0.0890625 0.38984375 0.09375 0.09375
1 0.18359375 0.33046875 0.0734375 0.0796875
1 0.19296875 0.44765625 0.0890625 0.090625
1 0.19765625 0.546875 0.0984375 0.10625
1 0.3390625 0.65390625 0.09375 0.1109375
1 0.465625 0.6359375 0.0984375 0.10625
1 0.57109375 0.58359375 0.10625 0.121875
1 0.309375 0.5796875 0.0875 0.084375
1 0.378125 0.61171875 0.096875 0.0984375
1 0.58359375 0.48984375 0.090625 0.0984375
1 0.46953125 0.53046875 0.0875 0.0984375
1 0.4046875 0.45546875 0.090625 0.0890625
1 0.3015625 0.50234375 0.0921875 0.0953125
1 0.5796875 0.4203125 0.090625 0.0828125
1 0.28046875 0.43046875 0.084375 0.078125
1 0.265625 0.38515625 0.0953125 0.0796875
1 0.33515625 0.34296875 0.0765625 0.09375
1 0.3359375 0.28515625 0.078125 0.08125
1 0.471875 0.34609375 0.0796875 0.1015625
1 0.67109375 0.29453125 0.075 0.0984375
1 0.55546875 0.32578125 0.078125 0.0859375
1 0.525 0.3921875 0.0703125 0.0765625
1 0.6328125 0.24140625 0.0796875 0.096875
1 0.4546875 0.2921875 0.071875 0.065625
1 0.496875 0.2546875 0.078125 0.0875
1 0.87421875 0.25 0.0671875 0.090625
1 0.95625 0.82578125 0.0875 0.1453125
1 0.7765625 0.8796875 0.115625 0.1234375
1 0.69140625 0.8734375 0.1046875 0.10625
1 0.00859375 0.08046875 0.0171875 0.0484375
1 0.0546875 0.109375 0.09375 0.09375
1 0.1609375 0.14453125 0.0734375 0.0796875
1 0.14453125 0.05546875 0.0859375 0.040625
1 0.3796875 0.9640625 0.09375 0.071875
1 0.50625 0.95859375 0.096875 0.0828125
1 0.6171875 0.9625 0.1 0.0546875
1 0.425 0.98203125 0.09375 0.0359375
1 0.234375 0.04453125 0.0828125 0.040625
1 0.2265625 0.07109375 0.0953125 0.0796875
1 0.3046875 0.09609375 0.0765625 0.09375
1 0.31953125 0.15234375 0.078125 0.08125
1 0.43671875 0.06015625 0.0796875 0.1015625
1 0.6421875 0.06171875 0.075 0.0984375
1 0.52265625 0.05859375 0.078125 0.0859375
1 0.48125 0.0203125 0.06875 0.040625
1 0.61796875 0.12265625 0.0796875 0.096875
1 0.4328125 0.11640625 0.071875 0.065625
1 0.4828125 0.14140625 0.078125 0.0875
1 0.85 0.05546875 0.0671875 0.090625