1 0.73671875 0.55625 0.0765625 0.084375
0 0.309375 0.4859375 0.0609375 0.06875
0 0.85625 0.58515625 0.05625 0.06875
0 0.41171875 0.5140625 0.0546875 0.0625
0 0.240625 0.4765625 0.059375 0.065625
0 0.63046875 0.54765625 0.0609375 0.06875
0 0.90234375 0.6 0.053125 0.071875
0 0.49609375 0.53359375 0.059375 0.0640625
1 0.03046875 0.43671875 0.040625 0.0453125
1 0.16796875 0.48515625 0.046875 0.05
0 0.67421875 0.5921875 0.0375 0.04375
1 0.8234375 0.06328125 0.0703125 0.0390625
1 0.65859375 0.98203125 0.0765625 0.0359375
0 0.23203125 0.92890625 0.0609375 0.06875
0 0.9453125 0.0796875 0.05 0.025
0 0.3375 0.9375 0.0546875 0.0625
0 0.16328125 0.9140625 0.059375 0.065625
0 0.7203125 0.0375 0.0546875 0.0203125
0 0.55390625 0.97265625 0.0609375 0.0546875
0 0.4234375 0.9484375 0.059375 0.0640625
1 0.0984375 0.88046875 0.046875 0.05
0 0.61015625 0.95390625 0.0375 0.04375