1 0.95 0.63125 0.1 0.15
1 0.76015625 0.64140625 0.121875 0.128125
1 0.68125 0.6734375 0.1109375 0.1125
1 0.03203125 0.4921875 0.0640625 0.09375
1 0.08203125 0.41875 0.0984375 0.0984375
1 0.17265625 0.35234375 0.078125 0.084375
1 0.18984375 0.46953125 0.09375 0.0953125
1 0.2015625 0.5671875 0.103125 0.1109375
1 0.35078125 0.6640625 0.1 0.115625
1 0.475 0.6375 0.103125 0.1109375
1 0.5765625 0.578125 0.1125 0.1265625
1 0.31484375 0.5921875 0.0921875 0.0890625
1 0.38671875 0.6203125 0.1015625 0.1046875
1 0.5828125 0.48359375 0.0953125 0.103125
1 0.471875 0.5328125 0.0921875 0.1015625
1 0.40234375 0.4625 0.0953125 0.09375
1 0.30234375 0.51640625 0.096875 0.1
1 0.57421875 0.41484375 0.09375 0.0875
1 0.27578125 0.4453125 0.0890625 0.0828125
1 0.2578125 0.40234375 0.0984375 0.084375
1 0.32421875 0.3546875 0.0828125 0.0984375
1 0.32109375 0.296875 0.0828125 0.084375
1 0.4609375 0.3484375 0.0859375 0.1046875
1 0.65625 0.28359375 0.08125 0.1015625
1 0.54375 0.321875 0.0828125 0.0890625
1 0.51796875 0.390625 0.075 0.0796875
1 0.6140625 0.2328125 0.0859375 0.1
1 0.440625 0.29609375 0.075 0.06875
1 0.4796875 0.25546875 0.0828125 0.0921875
1 0.85546875 0.225 0.0734375 0.09375
1 0.965625 0.7921875 0.06875 0.15
1 0.80234375 0.86015625 0.121875 0.128125
1 0.7171875 0.85859375 0.1109375 0.1125
1 0.03828125 0.14140625 0.0765625 0.0984375
1 0.1375 0.16953125 0.078125 0.084375
1 0.11484375 0.08125 0.0859375 0.046875
1 0.41328125 0.96640625 0.0984375 0.0671875
1 0.53828125 0.95625 0.1015625 0.0875
1 0.64921875 0.953125 0.103125 0.0609375
1 0.45859375 0.98203125 0.0953125 0.0359375
1 0.20390625 0.0640625 0.084375 0.0453125
1 0.19765625 0.090625 0.0984375 0.084375
1 0.27734375 0.11015625 0.0828125 0.0984375
1 0.29609375 0.165625 0.0828125 0.084375
1 0.40625 0.065625 0.0859375 0.1046875
1 0.6109375 0.05234375 0.08125 0.1015625
1 0.4921875 0.05859375 0.0828125 0.0890625
1 0.44765625 0.02265625 0.0703125 0.0453125
1 0.59140625 0.115625 0.0859375 0.1
1 0.40625 0.121875 0.075 0.06875
1 0.4578125 0.14375 0.0828125 0.0921875
1 0.81796875 0.0390625 0.0734375 0.078125