1 0.93046875 0.7171875 0.10546875 0.1328125
1 0.728125 0.68828125 0.103125 0.1109375
1 0.64453125 0.7046875 0.09375 0.09609375
1 0.03359375 0.4015625 0.0671875 0.08203125
1 0.10546875 0.340625 0.084375 0.084375
1 0.20703125 0.29296875 0.06484375 0.07265625
1 0.2015625 0.4109375 0.0796875 0.08203125
1 0.19453125 0.509375 0.08671875 0.09609375
1 0.321875 0.6328125 0.08203125 0.1015625
1 0.44921875 0.63046875 0.08671875 0.09609375
1 0.56015625 0.59140625 0.09375 0.1109375
1 0.30078125 0.55546875 0.0796875 0.075
1 0.365625 0.59609375 0.08671875 0.0890625
1 0.584375 0.5 0.0796875 0.0890625
1 0.46640625 0.5265625 0.0765625 0.0890625
1 0.4109375 0.44453125 0.08203125 0.0796875
1 0.303125 0.478125 0.08203125 0.08671875
1 0.5890625 0.43046875 0.08203125 0.07265625
1 0.290625 0.40390625 0.0765625 0.06953125
1 0.28125 0.3578125 0.08671875 0.06953125
1 0.35546875 0.32421875 0.0671875 0.08671875
1 0.36328125 0.26640625 0.06953125 0.07265625
1 0.490625 0.34375 0.06953125 0.09375
1 0.69453125 0.3171875 0.06484375 0.09140625
1 0.5765625 0.33359375 0.06953125 0.07734375
1 0.53828125 0.39609375 0.0625 0.06953125
1 0.66328125 0.259375 0.06953125 0.0890625
1 0.48046875 0.28828125 0.06484375 0.0578125
1 0.5265625 0.25625 0.06953125 0.0796875
1 0.9015625 0.29765625 0.0578125 0.084375
1 0.93046875 0.88203125 0.10546875 0.1328125
1 0.728125 0.9109375 0.103125 0.1109375
1 0.64453125 0.89375 0.09375 0.09609375
1 0.03515625 0.0203125 0.06953125 0.040625
1 0.10546875 0.0578125 0.084375 0.084375
1 0.20703125 0.10625 0.06484375 0.07265625
1 0.2015625 0.015625 0.08203125 0.03125
1 0.3234375 0.95546875 0.084375 0.0796875
1 0.45078125 0.9578125 0.0890625 0.075
1 0.56015625 0.9734375 0.09609375 0.04375
1 0.36640625 0.97578125 0.0890625 0.03828125
1 0.2921875 0.015625 0.0796875 0.03125
1 0.28125 0.040625 0.08671875 0.06953125
1 0.35546875 0.075 0.0671875 0.08671875
1 0.36328125 0.1328125 0.06953125 0.07265625
1 0.490625 0.05546875 0.06953125 0.09375
1 0.69453125 0.08203125 0.06484375 0.09140625
1 0.5765625 0.06484375 0.06953125 0.07734375
1 0.53984375 0.01953125 0.06484375 0.03828125
1 0.66328125 0.13984375 0.06953125 0.0890625
1 0.48046875 0.1109375 0.06484375 0.0578125
1 0.5265625 0.1421875 0.06953125 0.0796875
1 0.9015625 0.1015625 0.0578125 0.084375