1 0.23203125 0.35234375 0.078125 0.090625
1 0.7109375 0.284375 0.1453125 0.1578125
1 0.41328125 0.38125 0.1453125 0.1734375
1 0.08125 0.46015625 0.134375 0.1484375
1 0.19375 0.4625 0.14375 0.1546875
1 0.44765625 0.21875 0.0734375 0.0625
0 0.51875 0.34765625 0.1 0.109375
1 0.18046875 0.1625 0.078125 0.090625
1 0.6359375 0.03125 0.140625 0.0625
1 0.3328125 0.07578125 0.134375 0.1203125
1 0.03359375 0.1625 0.0671875 0.115625
1 0.10234375 0.12109375 0.128125 0.090625
1 0.43515625 0.171875 0.0734375 0.0625
0 0.434375 0.03984375 0.096875 0.0796875