1 0.4640625 0.2765625 0.0578125 0.0765625
1 0.59375 0.27421875 0.0671875 0.09375
1 0.28125 0.27890625 0.09375 0.11796875
1 0.45703125 0.375 0.0984375 0.11328125
1 0.509375 0.334375 0.08203125 0.10546875
1 0.56484375 0.303125 0.03828125 0.0765625
0 0.96875 0.22109375 0.0578125 0.10546875
0 0.0578125 0.32421875 0.04296875 0.040625
0 0.103125 0.321875 0.0265625 0.0265625
1 0.4640625 0.05546875 0.0578125 0.0765625
1 0.59375 0.0578125 0.0671875 0.09375
1 0.28046875 0.05625 0.0953125 0.1125
1 0.5109375 0.0265625 0.084375 0.053125
1 0.56640625 0.03515625 0.040625 0.06953125
0 0.96875 0.1109375 0.0578125 0.10546875
0 0.05859375 0.0140625 0.0453125 0.028125
0 0.10234375 0.01171875 0.0296875 0.0234375