1 0.49140625 0.27421875 0.0671875 0.0828125
1 0.6203125 0.2875 0.078125 0.1015625
1 0.31015625 0.25390625 0.1078125 0.128125
1 0.47265625 0.3703125 0.1109375 0.125
1 0.5296875 0.33671875 0.09375 0.1140625
1 0.58828125 0.3125 0.046875 0.08125
0 0.98203125 0.2796875 0.0359375 0.1125
0 0.0828125 0.271875 0.046875 0.0453125
0 0.128125 0.275 0.0296875 0.0296875
1 0.51875 0.0546875 0.0671875 0.0828125
1 0.646875 0.07265625 0.078125 0.1015625
1 0.33515625 0.046875 0.1078125 0.09375
1 0.56875 0.03125 0.090625 0.0625
1 0.62265625 0.046875 0.0484375 0.0734375
0 0.98828125 0.1703125 0.0234375 0.1125