0 0.42109375 0.35 0.084375 0.09375
0 0.6046875 0.38125 0.0796875 0.1046875
0 0.9171875 0.41796875 0.0921875 0.0921875
0 0.8125 0.375 0.1046875 0.109375
0 0.25703125 0.3046875 0.109375 0.1109375
0 0.725 0.46171875 0.06875 0.08125
0 0.5609375 0.415625 0.0515625 0.0828125
0 0.04453125 0.41171875 0.0609375 0.0671875
0 0.50546875 0.43515625 0.05 0.059375
0 0.18046875 0.3734375 0.0640625 0.0765625
0 0.134375 0.4078125 0.0484375 0.0609375
0 0.29609375 0.43125 0.0546875 0.078125
0 0.453125 0.0078125 0.08125 0.015625
0 0.8421875 0.04609375 0.1015625 0.04375
0 0.28359375 0.0203125 0.1078125 0.040625