1 0.4484375 0.2796875 0.0625 0.0796875
1 0.578125 0.26796875 0.0734375 0.0984375
1 0.26640625 0.29453125 0.1015625 0.125
1 0.4484375 0.378125 0.10625 0.1203125
1 0.49765625 0.334375 0.0890625 0.1109375
1 0.55078125 0.29921875 0.04375 0.0796875
0 0.9484375 0.1890625 0.065625 0.109375
0 0.046875 0.35546875 0.0453125 0.04375
0 0.09140625 0.35 0.028125 0.028125
1 0.4328125 0.059375 0.0625 0.0796875
1 0.5625 0.05234375 0.0734375 0.0984375
1 0.25 0.07265625 0.103125 0.11875
1 0.478125 0.028125 0.0875 0.05625
1 0.53359375 0.03359375 0.0453125 0.0671875
0 0.940625 0.07890625 0.065625 0.109375
0 0.02578125 0.04609375 0.046875 0.03125
0 0.06953125 0.040625 0.03125 0.025