0 0.40859375 0.3578125 0.0765625 0.08671875
0 0.59375 0.37265625 0.071875 0.0984375
0 0.90859375 0.38203125 0.084375 0.084375
0 0.80078125 0.3484375 0.09609375 0.10078125
0 0.240625 0.3265625 0.10078125 0.103125
0 0.72109375 0.4421875 0.0625 0.0765625
0 0.553125 0.4109375 0.0453125 0.0796875
0 0.03828125 0.4515625 0.05546875 0.0625
0 0.5 0.43515625 0.0453125 0.05546875
0 0.1703125 0.4015625 0.0578125 0.071875
0 0.12734375 0.43984375 0.04296875 0.0578125
0 0.290625 0.44921875 0.0484375 0.07421875
0 0.41015625 0.009375 0.0796875 0.01875
0 0.8015625 0.01796875 0.0984375 0.0359375
0 0.24140625 0.02890625 0.103125 0.0578125