1 0.146875 0.4078125 0.078125 0.0953125
1 0.32109375 0.37578125 0.06875 0.0890625
0 0.590625 0.303125 0.0875 0.103125
0 0.69453125 0.30625 0.08125 0.0953125
0 0.26953125 0.3640625 0.09375 0.103125
0 0.0421875 0.403125 0.084375 0.128125
0 0.81640625 0.290625 0.065625 0.0765625
0 0.484375 0.34375 0.065625 0.071875
0 0.91484375 0.2296875 0.109375 0.209375
1 0.07890625 0.08828125 0.06875 0.03125
0 0.52578125 0.0125 0.0765625 0.025
0 0.20859375 0.07109375 0.0859375 0.0546875
0 0.01171875 0.1328125 0.0234375 0.08125