1 0.1734375 0.33671875 0.0625 0.084375
1 0.35078125 0.34140625 0.053125 0.0796875
0 0.6296875 0.3265625 0.06953125 0.09140625
0 0.73046875 0.35078125 0.06484375 0.084375
0 0.303125 0.31953125 0.0765625 0.0890625
0 0.0578125 0.3078125 0.09375 0.1109375
0 0.853125 0.3609375 0.053125 0.0671875
0 0.5171875 0.34375 0.053125 0.0625
0 0.96171875 0.321875 0.06953125 0.19921875
1 0.1734375 0.009375 0.065625 0.01875
0 0.6296875 0.0171875 0.071875 0.03359375
0 0.30390625 0.01953125 0.0796875 0.03828125
0 0.0578125 0.03125 0.09609375 0.0625
0 0.9609375 0.0453125 0.071875 0.090625