0 0.42421875 0.34921875 0.0859375 0.09375
0 0.60625 0.3828125 0.08125 0.1046875
0 0.91875 0.425 0.0921875 0.0921875
0 0.81484375 0.38046875 0.10625 0.1109375
0 0.26015625 0.30078125 0.1109375 0.1125
0 0.72578125 0.465625 0.0703125 0.0828125
0 0.5625 0.4171875 0.053125 0.084375
0 0.04609375 0.40390625 0.0609375 0.0671875
0 0.50703125 0.43515625 0.0515625 0.059375
0 0.18203125 0.36796875 0.065625 0.078125
0 0.1359375 0.4015625 0.0484375 0.0625
0 0.296875 0.42734375 0.05625 0.078125
0 0.4609375 0.0078125 0.08125 0.015625
0 0.85 0.05234375 0.1015625 0.0453125
0 0.2921875 0.01953125 0.109375 0.0390625