0 0.78125 0.44453125 0.059375 0.0875
0 0.6703125 0.4546875 0.075 0.090625
0 0.9515625 0.47578125 0.08125 0.15625
0 0.5765625 0.4328125 0.04375 0.0578125
0 0.87265625 0.4515625 0.05625 0.059375
0 0.51953125 0.4546875 0.034375 0.04375
1 0.2953125 0.44921875 0.04375 0.0453125
1 0.3609375 0.4421875 0.028125 0.0359375
1 0.384375 0.43046875 0.034375 0.0359375
0 0.42578125 0.44921875 0.0375 0.053125
0 0.4953125 0.446875 0.028125 0.0484375
0 0.196875 0.4375 0.0359375 0.05625
0 0.1703125 0.44453125 0.0265625 0.034375