1 0.2015625 0.36953125 0.0671875 0.09140625
1 0.4203125 0.3359375 0.071875 0.0890625
1 0.8703125 0.37265625 0.11796875 0.10625
1 0.74296875 0.3796875 0.06953125 0.08671875
1 0.10546875 0.36953125 0.11328125 0.1328125
1 0.96875 0.35546875 0.05546875 0.10625
1 0.53359375 0.3671875 0.053125 0.0796875
1 0.81953125 0.375 0.06953125 0.08203125
1 0.584375 0.38203125 0.0359375 0.0578125
1 0.65859375 0.3796875 0.0484375 0.0671875
1 0.625 0.39609375 0.03359375 0.0578125
1 0.421875 0.0203125 0.07421875 0.040625
1 0.10546875 0.01484375 0.115625 0.02890625
1 0.96875 0.015625 0.0578125 0.03125