1 0.4828125 0.37265625 0.053125 0.0578125
0 0.86328125 0.340625 0.05078125 0.0625
0 0.3265625 0.34609375 0.05078125 0.05546875
0 0.2328125 0.3671875 0.03828125 0.040625
0 0.2640625 0.375 0.02890625 0.040625
0 0.678125 0.3484375 0.0453125 0.053125
0 0.81015625 0.33828125 0.040625 0.04609375
0 0.45703125 0.3578125 0.03359375 0.0578125
0 0.5453125 0.375 0.03125 0.04375
0 0.7015625 0.35546875 0.03125 0.04375
0 0.90859375 0.3484375 0.03828125 0.053125
0 0.8625 0.01171875 0.053125 0.0234375
0 0.3265625 0.00703125 0.053125 0.0140625
0 0.678125 0.00625 0.0484375 0.01171875
0 0.81015625 0.00859375 0.04296875 0.0171875
0 0.91015625 0.00625 0.040625 0.01171875