1 0.47578125 0.3734375 0.05625 0.0609375
0 0.8546875 0.321875 0.0546875 0.065625
0 0.31875 0.35546875 0.053125 0.0578125
0 0.2265625 0.38125 0.040625 0.0421875
0 0.2578125 0.3875 0.03125 0.0421875
0 0.6703125 0.3390625 0.0484375 0.0546875
0 0.8015625 0.32265625 0.04375 0.0484375
0 0.45 0.36015625 0.0359375 0.059375
0 0.5390625 0.37265625 0.0328125 0.0453125
0 0.69375 0.3453125 0.0328125 0.0453125
0 0.9 0.32734375 0.040625 0.0546875
0 0.83671875 0.003125 0.0546875 0.00625
0 0.30078125 0.01640625 0.053125 0.0171875
0 0.65234375 0.00234375 0.0484375 0.0046875