1 0.18203125 0.42890625 0.0828125 0.103125
1 0.390625 0.35390625 0.0875 0.1015625
1 0.8390625 0.3046875 0.1359375 0.1265625
1 0.715625 0.33515625 0.084375 0.0984375
1 0.0875 0.446875 0.1359375 0.1515625
1 0.9328125 0.26875 0.075 0.115625
1 0.5078125 0.36328125 0.0671875 0.0890625
1 0.78984375 0.31640625 0.084375 0.09375
1 0.56015625 0.36796875 0.046875 0.0640625
1 0.6328125 0.3515625 0.0609375 0.075
1 0.603125 0.37421875 0.04375 0.0625
1 0.33203125 0.04375 0.08125 0.0546875
1 0.03984375 0.0984375 0.0796875 0.05