1 0.771875 0.359375 0.109375 0.13125
1 0.91171875 0.403125 0.0671875 0.084375
1 0.47265625 0.3703125 0.05 0.071875
1 0.6625 0.315625 0.1234375 0.15
1 0.20625 0.3171875 0.084375 0.1203125
1 0.59921875 0.36171875 0.0640625 0.0953125
1 0.41796875 0.36640625 0.0453125 0.071875
1 0.39140625 0.3671875 0.05 0.0703125
1 0.98046875 0.41484375 0.0390625 0.0578125
1 0.09765625 0.33203125 0.190625 0.340625
1 0.3078125 0.3609375 0.0375 0.0484375
1 0.3453125 0.37578125 0.0375 0.0578125
1 0.56171875 0.3765625 0.0390625 0.0859375
1 0.53125 0.39765625 0.05 0.0671875
1 0.79453125 0.046875 0.10625 0.0625
1 0.68046875 0.0609375 0.121875 0.10625
1 0.22890625 0.0171875 0.0828125 0.034375
1 0.62265625 0.01875 0.0609375 0.028125
1 0.11796875 0.0578125 0.1796875 0.115625