1 0.51171875 0.371875 0.0640625 0.06875
0 0.88984375 0.4265625 0.0640625 0.071875
0 0.365625 0.3109375 0.0625 0.065625
0 0.26953125 0.31015625 0.046875 0.0484375
0 0.2984375 0.325 0.0375 0.0453125
0 0.7078125 0.3921875 0.05625 0.0625
0 0.83828125 0.4125 0.05 0.0546875
0 0.48984375 0.3515625 0.0453125 0.0640625
0 0.57265625 0.38828125 0.040625 0.05
0 0.72890625 0.4046875 0.040625 0.05
0 0.93203125 0.44453125 0.05 0.0609375
0 0.96328125 0.10546875 0.0578125 0.034375
0 0.784375 0.05859375 0.05 0.021875
0 0.9125 0.090625 0.0453125 0.0265625
0 0.99453125 0.11015625 0.0109375 0.0203125