1 0.75859375 0.3359375 0.103125 0.1265625
1 0.9015625 0.36796875 0.0640625 0.08125
1 0.46171875 0.3734375 0.046875 0.0703125
1 0.64609375 0.30234375 0.115625 0.14375
1 0.19140625 0.34375 0.078125 0.1171875
1 0.58671875 0.35390625 0.059375 0.0921875
1 0.40625 0.37421875 0.0421875 0.0703125
1 0.3796875 0.37734375 0.046875 0.0671875
1 0.9734375 0.3734375 0.0390625 0.05625
1 0.08515625 0.36640625 0.1703125 0.3328125
1 0.29609375 0.37890625 0.034375 0.046875
1 0.33515625 0.38984375 0.034375 0.05625
1 0.55078125 0.371875 0.034375 0.084375
1 0.52265625 0.3953125 0.046875 0.065625
1 0.75390625 0.025 0.1046875 0.05
1 0.64140625 0.0484375 0.1171875 0.096875
1 0.1875 0.03203125 0.08125 0.0546875
1 0.5796875 0.0109375 0.059375 0.021875
1 0.0828125 0.075 0.165625 0.140625