1 0.76171875 0.340625 0.10078125 0.125
1 0.90390625 0.375 0.0625 0.0796875
1 0.4640625 0.37265625 0.0453125 0.06953125
1 0.64921875 0.3046875 0.11328125 0.1421875
1 0.19453125 0.33828125 0.0765625 0.115625
1 0.5890625 0.35546875 0.0578125 0.09140625
1 0.40859375 0.37265625 0.040625 0.06953125
1 0.38203125 0.375 0.0453125 0.0671875
1 0.97578125 0.38203125 0.03828125 0.05546875
1 0.08671875 0.36015625 0.16796875 0.33046875
1 0.2984375 0.375 0.03359375 0.04609375
1 0.33671875 0.38671875 0.03359375 0.05546875
1 0.553125 0.37265625 0.03359375 0.084375
1 0.52421875 0.39609375 0.0453125 0.06484375
1 0.7625 0.02734375 0.103125 0.0546875
1 0.64921875 0.04921875 0.115625 0.0984375
1 0.19609375 0.0265625 0.0796875 0.053125
1 0.5890625 0.01171875 0.059375 0.0234375
1 0.0875 0.06875 0.1703125 0.1375