1 0.18125 0.37890625 0.1796875 0.184375
1 0.79296875 0.44609375 0.0703125 0.0640625
1 0.2828125 0.409375 0.128125 0.1359375
1 0.50390625 0.4203125 0.0984375 0.1265625
1 0.8640625 0.46015625 0.053125 0.0578125
1 0.915625 0.45625 0.0515625 0.0625
1 0.70703125 0.45859375 0.0390625 0.0609375
1 0.67578125 0.453125 0.0234375 0.0359375
1 0.21953125 0.04375 0.1765625 0.0875
1 0.83359375 0.059375 0.071875 0.059375
1 0.325 0.02734375 0.125 0.0546875
1 0.54375 0.04140625 0.096875 0.0828125
1 0.90703125 0.06171875 0.0546875 0.0484375
1 0.95546875 0.07265625 0.053125 0.059375
1 0.75234375 0.03984375 0.0390625 0.034375
1 0.721875 0.03125 0.0234375 0.0234375