1 0.94296875 0.40078125 0.1140625 0.1421875
1 0.746875 0.42109375 0.1140625 0.128125
1 0.30390625 0.55390625 0.071875 0.08125
0 0.20703125 0.38046875 0.08125 0.0984375
0 0.3921875 0.3859375 0.0890625 0.1078125
0 0.58203125 0.3921875 0.0875 0.109375
0 0.5203125 0.4078125 0.0734375 0.0984375
0 0.03828125 0.378125 0.065625 0.1125
0 0.17265625 0.41953125 0.0484375 0.071875
1 0.80078125 0.61484375 0.065625 0.0859375
0 0.88984375 0.440625 0.071875 0.1109375
1 0.9546875 0.08125 0.090625 0.10625
1 0.7734375 0.046875 0.1109375 0.065625
0 0.23359375 0.0140625 0.0796875 0.028125
0 0.41875 0.0265625 0.0875 0.053125
0 0.60625 0.0390625 0.0859375 0.0703125
0 0.54921875 0.02265625 0.071875 0.0453125
0 0.0671875 0.00703125 0.0625 0.0140625
1 0.77265625 0.990625 0.0640625 0.01875
0 0.9171875 0.0484375 0.0703125 0.0453125