1 0.70859375 0.3421875 0.084375 0.0984375
1 0.30078125 0.3734375 0.103125 0.09375
1 0.578125 0.33203125 0.0484375 0.059375
1 0.55078125 0.3234375 0.03125 0.0421875
1 0.61875 0.33046875 0.04375 0.059375
1 0.45625 0.3578125 0.0234375 0.034375
0 0.93984375 0.315625 0.03125 0.034375
1 0.659375 0.33046875 0.028125 0.0390625
1 0.68984375 0.00859375 0.0828125 0.0171875
1 0.5609375 0.01171875 0.05 0.0234375
1 0.53515625 0.0125 0.0328125 0.025
1 0.6015625 0.01015625 0.04375 0.0203125
1 0.64140625 0.003125 0.0296875 0.00625