1 0.7109375 0.3453125 0.0828125 0.096875
1 0.303125 0.3703125 0.1015625 0.0921875
1 0.58125 0.33359375 0.046875 0.059375
1 0.55390625 0.32421875 0.0296875 0.0421875
1 0.621875 0.33203125 0.0421875 0.059375
1 0.459375 0.35703125 0.0234375 0.034375
0 0.94296875 0.3234375 0.0296875 0.034375
1 0.6625 0.33359375 0.028125 0.0390625
1 0.69921875 0.01015625 0.0828125 0.0203125
1 0.56875 0.0125 0.05 0.025
1 0.54296875 0.0125 0.0328125 0.025
1 0.609375 0.01171875 0.04375 0.0234375
1 0.65078125 0.0046875 0.0296875 0.009375