1 0.93984375 0.36953125 0.11328125 0.13515625
1 0.740625 0.40390625 0.10546875 0.1203125
1 0.3078125 0.5671875 0.0671875 0.07734375
0 0.19921875 0.4015625 0.07421875 0.09375
0 0.384375 0.39375 0.08203125 0.1015625
0 0.57421875 0.38671875 0.0796875 0.10390625
0 0.5140625 0.40625 0.0671875 0.09375
0 0.03125 0.4109375 0.0578125 0.10859375
0 0.16796875 0.4421875 0.04296875 0.06953125
1 0.8078125 0.59375 0.06015625 0.08203125
0 0.884375 0.41328125 0.06484375 0.10625
1 0.93984375 0.04921875 0.115625 0.0984375
1 0.74140625 0.02890625 0.1078125 0.0578125
0 0.19921875 0.02265625 0.0765625 0.0453125
0 0.3859375 0.02890625 0.084375 0.0578125
0 0.57421875 0.0328125 0.08203125 0.06484375
0 0.515625 0.0203125 0.06953125 0.040625
0 0.0328125 0.021875 0.06015625 0.04375
1 0.8078125 0.9796875 0.0625 0.03125
0 0.884375 0.0203125 0.0671875 0.040625