1 0.34921875 0.35859375 0.0359375 0.040625
1 0.39296875 0.2359375 0.0390625 0.0421875
1 0.66171875 0.6859375 0.0453125 0.0578125
1 0.765625 0.76875 0.0515625 0.05625
1 0.78359375 0.61796875 0.0515625 0.0515625
0 0.28203125 0.278125 0.0375 0.046875
0 0.57578125 0.71484375 0.046875 0.0484375
0 0.7578125 0.71171875 0.046875 0.05
0 0.44296875 0.23359375 0.028125 0.0359375
0 0.5546875 0.196875 0.0375 0.0375
1 0.365625 0.040625 0.0390625 0.0421875
1 0.7859375 0.9109375 0.0515625 0.05625
0 0.24765625 0.0421875 0.0375 0.028125
0 0.79140625 0.953125 0.0453125 0.0234375
0 0.4140625 0.02890625 0.028125 0.0359375
0 0.53125 0.034375 0.0375 0.0375