1 0.35703125 0.35078125 0.034375 0.0390625
1 0.40625 0.23046875 0.0375 0.040625
1 0.6515625 0.69453125 0.0421875 0.05625
1 0.7515625 0.78203125 0.05 0.0546875
1 0.7765625 0.6328125 0.0484375 0.0484375
0 0.29375 0.2671875 0.034375 0.0453125
0 0.56484375 0.71875 0.04375 0.046875
0 0.74609375 0.725 0.04375 0.0484375
0 0.45703125 0.23125 0.0265625 0.0359375
0 0.5703125 0.2 0.0359375 0.0359375
1 0.38984375 0.034375 0.0375 0.040625
1 0.7640625 0.92578125 0.05 0.0546875
0 0.271875 0.0296875 0.0359375 0.0265625
0 0.7671875 0.9671875 0.04375 0.0203125
0 0.4390625 0.02578125 0.0265625 0.0359375
0 0.55625 0.03671875 0.0359375 0.0359375