1 0.71640625 0.353125 0.0796875 0.09375
1 0.3078125 0.36328125 0.0984375 0.0890625
1 0.58671875 0.33671875 0.0453125 0.0578125
1 0.56015625 0.3265625 0.02890625 0.040625
1 0.62734375 0.33671875 0.040625 0.0578125
1 0.4640625 0.35546875 0.021875 0.03359375
0 0.94921875 0.3390625 0.02890625 0.03359375
1 0.66796875 0.3390625 0.0265625 0.03828125
1 0.71640625 0.01328125 0.08203125 0.0265625
1 0.58671875 0.01328125 0.0484375 0.0265625
1 0.5609375 0.01328125 0.03125 0.0265625
1 0.62734375 0.01328125 0.04296875 0.0265625
0 0.95078125 0.00625 0.03125 0.01171875
1 0.66796875 0.00703125 0.02890625 0.0140625