1 0.94375 0.415625 0.1125 0.146875
1 0.74921875 0.4296875 0.1171875 0.13125
1 0.3015625 0.546875 0.075 0.084375
0 0.2109375 0.3703125 0.084375 0.1015625
0 0.39609375 0.38203125 0.0921875 0.109375
0 0.5859375 0.3953125 0.090625 0.1109375
0 0.5234375 0.40859375 0.0765625 0.1
0 0.04296875 0.3625 0.06875 0.1140625
0 0.17578125 0.4078125 0.05 0.0734375
1 0.79609375 0.62578125 0.06875 0.0875
0 0.89140625 0.45390625 0.075 0.1125
1 0.9609375 0.096875 0.078125 0.109375
1 0.7890625 0.05703125 0.1125 0.06875
0 0.25 0.01015625 0.08125 0.0203125
0 0.4359375 0.02578125 0.090625 0.0515625
0 0.62265625 0.04296875 0.0890625 0.0734375
0 0.565625 0.02421875 0.0734375 0.0484375
1 0.75625 0.9953125 0.065625 0.009375
0 0.93203125 0.06328125 0.0703125 0.046875