1 0.865625 0.36171875 0.0859375 0.109375
1 0.07109375 0.3203125 0.1234375 0.14375
1 0.128125 0.421875 0.0703125 0.0828125
1 0.2109375 0.44453125 0.0546875 0.06875
1 0.475 0.43359375 0.0390625 0.0484375
1 0.659375 0.4296875 0.0328125 0.0453125
1 0.7921875 0.4390625 0.04375 0.065625
1 0.2921875 0.44375 0.0296875 0.0453125
1 0.61015625 0.44296875 0.0390625 0.0453125
1 0.84453125 0.41953125 0.046875 0.075
1 0.43046875 0.4796875 0.034375 0.034375
1 0.24453125 0.46171875 0.0375 0.0453125
1 0.0671875 0.053125 0.1234375 0.0921875