1 0.82890625 0.28828125 0.10625 0.1234375
1 0.05859375 0.4125 0.1171875 0.165625
1 0.1203125 0.50078125 0.0859375 0.0953125
1 0.20546875 0.50625 0.0671875 0.078125
1 0.4609375 0.43984375 0.0484375 0.05625
1 0.64140625 0.3984375 0.040625 0.0515625
1 0.77265625 0.3796875 0.05625 0.0734375
1 0.284375 0.48828125 0.0390625 0.05
1 0.5953125 0.42109375 0.046875 0.053125
1 0.8203125 0.35 0.0609375 0.0828125
1 0.42734375 0.49453125 0.040625 0.040625
1 0.2421875 0.515625 0.0453125 0.0515625
1 0.0265625 0.1515625 0.053125 0.115625