1 0.6078125 0.30234375 0.040625 0.06484375
1 0.678125 0.321875 0.0359375 0.05078125
1 0.740625 0.32421875 0.04296875 0.053125
1 0.4640625 0.31953125 0.040625 0.05078125
1 0.30078125 0.3265625 0.040625 0.053125
1 0.40390625 0.31953125 0.040625 0.05078125
1 0.6078125 0.03125 0.04296875 0.0625
1 0.678125 0.01796875 0.03828125 0.0359375
1 0.74140625 0.01796875 0.0453125 0.0359375
1 0.4640625 0.01953125 0.04296875 0.03828125
1 0.30078125 0.0171875 0.04296875 0.03359375
1 0.40390625 0.01953125 0.04296875 0.03828125