1 0.7984375 0.59609375 0.0484375 0.05078125
1 0.75703125 0.6015625 0.040625 0.05078125
1 0.65859375 0.61796875 0.0453125 0.04609375
1 0.68984375 0.5984375 0.02421875 0.03359375
1 0.540625 0.68515625 0.040625 0.0359375
1 0.459375 0.5890625 0.0453125 0.03359375
1 0.353125 0.6015625 0.02890625 0.03828125
1 0.33203125 0.65390625 0.03828125 0.03359375
1 0.31015625 0.60625 0.021875 0.02890625
1 0.2546875 0.62734375 0.03359375 0.03359375
1 0.2984375 0.68515625 0.02890625 0.0265625
1 0.540625 0.9734375 0.040625 0.0359375
1 0.3328125 0.99140625 0.040625 0.00703125
1 0.2984375 0.9734375 0.02890625 0.0265625