0 0.51953125 0.353125 0.0796875 0.08671875
0 0.834375 0.35078125 0.06953125 0.09140625
0 0.2953125 0.34609375 0.084375 0.0984375
0 0.6703125 0.3484375 0.0671875 0.0890625
0 0.1828125 0.3609375 0.09140625 0.10546875
0 0.10078125 0.3296875 0.09609375 0.11796875
0 0.51875 0.01171875 0.08125 0.0234375
0 0.834375 0.0140625 0.071875 0.028125
0 0.2953125 0.01796875 0.08671875 0.0359375
0 0.67109375 0.0140625 0.0703125 0.028125
0 0.18359375 0.01328125 0.09375 0.0265625
0 0.10234375 0.03125 0.0984375 0.0625