1 0.8015625 0.5859375 0.05 0.053125
1 0.76015625 0.5921875 0.0421875 0.0515625
1 0.6625 0.6125 0.046875 0.046875
1 0.69296875 0.59140625 0.025 0.034375
1 0.546875 0.68359375 0.0421875 0.0375
1 0.4625 0.590625 0.046875 0.034375
1 0.35703125 0.60625 0.0296875 0.0390625
1 0.3375 0.659375 0.0390625 0.034375
1 0.3140625 0.6125 0.0234375 0.0296875
1 0.259375 0.6359375 0.034375 0.034375
1 0.3046875 0.6921875 0.0296875 0.028125
1 0.55703125 0.971875 0.0421875 0.0375
1 0.35 0.99609375 0.040625 0.0078125
1 0.31484375 0.98046875 0.0296875 0.028125