1 0.86796875 0.36796875 0.084375 0.1078125
1 0.07421875 0.3125 0.1203125 0.1421875
1 0.1296875 0.415625 0.06953125 0.08203125
1 0.21171875 0.43984375 0.053125 0.0671875
1 0.47578125 0.4328125 0.03828125 0.0484375
1 0.6609375 0.4328125 0.03125 0.0453125
1 0.79296875 0.44453125 0.04296875 0.06484375
1 0.29296875 0.43984375 0.02890625 0.0453125
1 0.6109375 0.44453125 0.03828125 0.0453125
1 0.84609375 0.42578125 0.0453125 0.07421875
1 0.43046875 0.478125 0.03359375 0.03359375
1 0.2453125 0.45703125 0.0359375 0.0453125
1 0.075 0.0453125 0.121875 0.090625