1 0.79453125 0.60625 0.05 0.053125
1 0.753125 0.61015625 0.0421875 0.0515625
1 0.6546875 0.6234375 0.046875 0.046875
1 0.6859375 0.6046875 0.025 0.034375
1 0.534375 0.68671875 0.0421875 0.0375
1 0.45625 0.5875 0.046875 0.034375
1 0.35 0.59609375 0.0296875 0.0390625
1 0.3265625 0.64765625 0.0390625 0.034375
1 0.30625 0.59921875 0.0234375 0.0296875
1 0.25078125 0.61875 0.034375 0.034375
1 0.2921875 0.678125 0.0296875 0.028125
1 0.52421875 0.97421875 0.0421875 0.0375
1 0.315625 0.98515625 0.040625 0.0078125
1 0.28203125 0.96640625 0.0296875 0.028125