1 0.1046875 0.521875 0.0796875 0.090625
1 0.16015625 0.46484375 0.059375 0.0765625
1 0.2265625 0.48984375 0.06875 0.0875
1 0.40078125 0.46953125 0.0765625 0.096875
1 0.19453125 0.41640625 0.0640625 0.0671875
1 0.225 0.375 0.0625 0.065625
1 0.28671875 0.3640625 0.05625 0.065625
1 0.4421875 0.3109375 0.05625 0.0640625
1 0.47890625 0.36875 0.059375 0.0828125
1 0.5109375 0.4375 0.06875 0.0875
1 0.56796875 0.465625 0.0796875 0.096875
1 0.54453125 0.31640625 0.0625 0.0765625
1 0.73203125 0.42109375 0.0671875 0.0796875
1 0.68125 0.375 0.0609375 0.06875
1 0.88515625 0.4234375 0.0953125 0.109375
1 0.17890625 0.05234375 0.0609375 0.03125
1 0.24296875 0.04453125 0.0546875 0.0328125
1 0.4046875 0.0375 0.0578125 0.0640625
1 0.50390625 0.02109375 0.0609375 0.0421875