1 0.10390625 0.48671875 0.0734375 0.0859375
1 0.1640625 0.43515625 0.0546875 0.071875
1 0.228125 0.465625 0.0625 0.0828125
1 0.40390625 0.4609375 0.06875 0.0921875
1 0.203125 0.390625 0.0578125 0.0625
1 0.2375 0.3515625 0.0578125 0.0609375
1 0.29921875 0.34609375 0.0515625 0.0625
1 0.45859375 0.30625 0.0515625 0.0609375
1 0.490625 0.3671875 0.053125 0.0796875
1 0.51640625 0.4390625 0.0625 0.0828125
1 0.5703125 0.471875 0.071875 0.0921875
1 0.56015625 0.32109375 0.05625 0.071875
1 0.7375 0.44140625 0.0609375 0.075
1 0.69140625 0.39140625 0.05625 0.065625
1 0.890625 0.4578125 0.0875 0.103125
1 0.21953125 0.02578125 0.059375 0.0265625
1 0.28359375 0.02421875 0.0515625 0.0296875
1 0.4453125 0.03125 0.053125 0.0609375
1 0.54609375 0.02109375 0.0578125 0.0421875