1 0.10546875 0.46640625 0.06953125 0.08203125
1 0.16796875 0.41796875 0.05078125 0.06953125
1 0.23046875 0.4515625 0.0578125 0.0796875
1 0.40625 0.45625 0.06484375 0.0890625
1 0.209375 0.375 0.05546875 0.06015625
1 0.2453125 0.33828125 0.05546875 0.0578125
1 0.3078125 0.3359375 0.0484375 0.06015625
1 0.46875 0.3046875 0.0484375 0.0578125
1 0.49765625 0.3671875 0.0484375 0.07734375
1 0.51953125 0.43984375 0.0578125 0.0796875
1 0.571875 0.47578125 0.0671875 0.0890625
1 0.56953125 0.32421875 0.053125 0.06953125
1 0.740625 0.45390625 0.0578125 0.07265625
1 0.696875 0.4015625 0.053125 0.0625
1 0.8921875 0.478125 0.08203125 0.0984375
1 0.24453125 0.01171875 0.0578125 0.0234375
1 0.30859375 0.01328125 0.05078125 0.0265625
1 0.4703125 0.02890625 0.05078125 0.0578125
1 0.57109375 0.021875 0.05546875 0.04375