1 0.05546875 0.38125 0.0796875 0.090625
1 0.52421875 0.41328125 0.0671875 0.090625
1 0.24453125 0.39609375 0.0671875 0.0765625
1 0.89296875 0.45078125 0.08125 0.09375
1 0.67734375 0.4125 0.0703125 0.0890625
1 0.7421875 0.44921875 0.0625 0.0765625
1 0.1515625 0.38359375 0.0625 0.0765625
1 0.79296875 0.4515625 0.0546875 0.075
1 0.428125 0.40703125 0.071875 0.0796875
1 0.30078125 0.39453125 0.053125 0.0703125
1 0.47421875 0.40859375 0.0421875 0.0734375
1 0.6390625 0.44453125 0.0375 0.046875
1 0.9328125 0.478125 0.05 0.071875
1 0.609375 0.44765625 0.03125 0.04375