1 0.790625 0.4734375 0.1828125 0.21875
1 0.4640625 0.31953125 0.084375 0.0984375
1 0.5265625 0.38203125 0.1421875 0.13671875
1 0.3796875 0.27421875 0.0484375 0.0578125
1 0.1078125 0.209375 0.0453125 0.0796875
1 0.30078125 0.21875 0.053125 0.0671875
1 0.384375 0.2234375 0.05078125 0.0578125
1 0.3484375 0.21640625 0.03828125 0.0484375
1 0.1078125 0.040625 0.0453125 0.0796875
1 0.3015625 0.03359375 0.05546875 0.0671875
1 0.384375 0.02890625 0.053125 0.0578125
1 0.3484375 0.03359375 0.03828125 0.0484375