1 0.1828125 0.48984375 0.065625 0.06875
1 0.48515625 0.53125 0.0328125 0.0375
1 0.37578125 0.5109375 0.040625 0.040625
1 0.5421875 0.5703125 0.0328125 0.0375
1 0.42890625 0.546875 0.0375 0.0296875
1 0.63203125 0.5671875 0.040625 0.05
1 0.5984375 0.571875 0.04375 0.05
1 0.75078125 0.59921875 0.04375 0.053125
1 0.86015625 0.62421875 0.04375 0.05
1 0.9046875 0.628125 0.0484375 0.0546875
1 0.71796875 0.5890625 0.0453125 0.053125
1 0.69609375 0.58828125 0.034375 0.040625
1 0.803125 0.60546875 0.0328125 0.0453125
1 0.81953125 0.62109375 0.0265625 0.0375
1 0.9625 0.65234375 0.028125 0.0359375
1 0.77578125 0.59375 0.0375 0.0421875
1 0.6796875 0.58203125 0.025 0.034375
1 0.51171875 0.54453125 0.0328125 0.0328125