1 0.22734375 0.3375 0.08125 0.0765625
1 0.91484375 0.44375 0.0703125 0.0796875
1 0.6640625 0.40234375 0.0828125 0.0890625
1 0.31328125 0.35078125 0.075 0.0796875
1 0.45703125 0.39375 0.0796875 0.075
1 0.39296875 0.5359375 0.0625 0.0875
1 0.85 0.48671875 0.0625 0.0671875
1 0.16640625 0.33984375 0.065625 0.0703125
1 0.115625 0.325 0.0546875 0.0609375
1 0.3734375 0.42109375 0.1 0.11875
1 0.52578125 0.45546875 0.0578125 0.0609375
1 0.5265625 0.41171875 0.046875 0.0546875
1 0.971875 0.11328125 0.05625 0.0703125
1 0.7296875 0.06484375 0.08125 0.0703125
1 0.38515625 0.0046875 0.0703125 0.009375
1 0.53203125 0.0109375 0.0734375 0.021875