1 0.03984375 0.50078125 0.0796875 0.090625
1 0.50078125 0.41015625 0.065625 0.090625
1 0.2265625 0.465625 0.065625 0.0765625
1 0.86640625 0.35078125 0.0796875 0.0921875
1 0.6484375 0.3703125 0.0703125 0.0890625
1 0.72109375 0.3875 0.0609375 0.075
1 0.13359375 0.47734375 0.0609375 0.075
1 0.7703125 0.37734375 0.053125 0.075
1 0.40625 0.42890625 0.0703125 0.0796875
1 0.28046875 0.45 0.053125 0.0703125
1 0.4515625 0.41875 0.0421875 0.0734375
1 0.61953125 0.41015625 0.0359375 0.046875
1 0.9125 0.36640625 0.0484375 0.071875
1 0.5921875 0.42109375 0.03125 0.04375