1 0.196875 0.59375 0.0578125 0.0625
1 0.49609375 0.534375 0.0296875 0.0328125
1 0.3859375 0.55078125 0.0359375 0.0359375
1 0.5625 0.55234375 0.0296875 0.0328125
1 0.44765625 0.5671875 0.0359375 0.025
1 0.646875 0.52109375 0.034375 0.046875
1 0.6171875 0.5359375 0.0375 0.046875
1 0.76953125 0.5125 0.0375 0.0484375
1 0.88125 0.5 0.0375 0.046875
1 0.92421875 0.48984375 0.0421875 0.05
1 0.73515625 0.51328125 0.0390625 0.0484375
1 0.7140625 0.51953125 0.0296875 0.0375
1 0.82109375 0.50078125 0.028125 0.0421875
1 0.84140625 0.5109375 0.021875 0.0359375
1 0.9875 0.49375 0.025 0.0328125
1 0.79140625 0.4984375 0.03125 0.0390625
1 0.696875 0.51875 0.0203125 0.0328125
1 0.525 0.53828125 0.028125 0.028125