1 0.8265625 0.31953125 0.18125 0.2015625
1 0.32265625 0.43671875 0.0734375 0.084375
1 0.46875 0.38515625 0.1015625 0.1171875
1 0.6359375 0.403125 0.146875 0.159375
1 0.46484375 0.4484375 0.0765625 0.084375
1 0.28671875 0.48046875 0.0640625 0.0640625
1 0.2546875 0.47421875 0.0515625 0.0625
1 0.21953125 0.48359375 0.065625 0.06875
1 0.17109375 0.4796875 0.0421875 0.0453125
1 0.13359375 0.49921875 0.0484375 0.05
1 0.7703125 0.37265625 0.078125 0.078125
1 0.78828125 0.0296875 0.1734375 0.059375
1 0.42265625 0.01953125 0.0953125 0.0390625