1 0.04296875 0.44453125 0.06953125 0.08203125
1 0.51171875 0.4109375 0.05546875 0.084375
1 0.2328125 0.4328125 0.0578125 0.06953125
1 0.88203125 0.396875 0.06953125 0.084375
1 0.66328125 0.3890625 0.06015625 0.08203125
1 0.7328125 0.415625 0.053125 0.06953125
1 0.1390625 0.4328125 0.053125 0.06953125
1 0.78359375 0.4109375 0.0453125 0.06953125
1 0.415625 0.41796875 0.0625 0.071875
1 0.28828125 0.4234375 0.0453125 0.06484375
1 0.46171875 0.41328125 0.03359375 0.06953125
1 0.6296875 0.42578125 0.03125 0.04296875
1 0.92578125 0.41796875 0.040625 0.0671875
1 0.60078125 0.4328125 0.0265625 0.040625