1 0.18984375 0.5671875 0.053125 0.0578125
1 0.49296875 0.53359375 0.0265625 0.03125
1 0.38203125 0.540625 0.03359375 0.03359375
1 0.5578125 0.5578125 0.0265625 0.03125
1 0.4421875 0.5625 0.03359375 0.021875
1 0.64453125 0.53359375 0.03125 0.04375
1 0.61328125 0.54609375 0.03359375 0.04375
1 0.7671875 0.5359375 0.03359375 0.04609375
1 0.8796875 0.53359375 0.03359375 0.04375
1 0.9234375 0.5265625 0.03828125 0.04609375
1 0.7328125 0.53359375 0.0359375 0.04609375
1 0.71171875 0.53828125 0.0265625 0.0359375
1 0.81953125 0.52890625 0.02421875 0.040625
1 0.8390625 0.540625 0.01953125 0.03359375
1 0.9859375 0.5359375 0.021875 0.03125
1 0.790625 0.52421875 0.02890625 0.0359375
1 0.69453125 0.5359375 0.0171875 0.03125
1 0.521875 0.540625 0.0265625 0.0265625