1 0.84609375 0.3609375 0.1609375 0.1828125
1 0.33203125 0.415625 0.06484375 0.0765625
1 0.4828125 0.38203125 0.0890625 0.1078125
1 0.646875 0.4203125 0.1296875 0.14453125
1 0.47109375 0.44453125 0.0671875 0.0765625
1 0.290625 0.4546875 0.0578125 0.0578125
1 0.259375 0.44453125 0.0453125 0.0578125
1 0.2234375 0.44921875 0.0578125 0.0625
1 0.17578125 0.43984375 0.03828125 0.040625
1 0.13671875 0.4546875 0.04296875 0.0453125
1 0.78359375 0.40625 0.06953125 0.06953125
1 0.84609375 0.04453125 0.16328125 0.0890625
1 0.48203125 0.0140625 0.0921875 0.028125