1 0.86875 0.4421875 0.1984375 0.2140625
1 0.35546875 0.3796875 0.0796875 0.0890625
1 0.51015625 0.38125 0.1109375 0.125
1 0.6609375 0.45546875 0.159375 0.1703125
1 0.484375 0.4390625 0.0828125 0.0890625
1 0.30625 0.40859375 0.06875 0.06875
1 0.278125 0.3921875 0.0578125 0.0671875
1 0.2421875 0.38828125 0.0703125 0.0734375
1 0.19765625 0.36875 0.046875 0.0484375
1 0.15625 0.37421875 0.0515625 0.053125
1 0.79765625 0.47265625 0.0828125 0.0828125
1 0.925 0.13359375 0.15 0.1234375
1 0.5921875 0.0234375 0.096875 0.046875