1 0.21484375 0.36171875 0.0765625 0.071875
1 0.90859375 0.4078125 0.0640625 0.075
1 0.6546875 0.38828125 0.0765625 0.0828125
1 0.30078125 0.3671875 0.06875 0.075
1 0.44765625 0.39765625 0.075 0.06875
1 0.39609375 0.54453125 0.05625 0.084375
1 0.84765625 0.45625 0.059375 0.0625
1 0.15390625 0.36953125 0.0609375 0.065625
1 0.1015625 0.359375 0.05 0.0578125
1 0.3671875 0.4328125 0.0921875 0.1140625
1 0.521875 0.45390625 0.053125 0.0578125
1 0.51875 0.41015625 0.04375 0.0515625
1 0.94375 0.0734375 0.065625 0.065625
1 0.690625 0.04609375 0.078125 0.065625
1 0.340625 0.009375 0.06875 0.01875
1 0.48828125 0.009375 0.0734375 0.01875