1 0.215625 0.26640625 0.1984375 0.2140625
1 0.8921875 0.41640625 0.215625 0.2421875
1 0.63984375 0.38671875 0.1578125 0.1671875
1 0.45625 0.42109375 0.14375 0.159375
1 0.43984375 0.303125 0.115625 0.1328125
1 0.35390625 0.30859375 0.13125 0.1546875
1 0.5796875 0.3234375 0.115625 0.1328125
1 0.28046875 0.02421875 0.1796875 0.0484375
1 0.9265625 0.153125 0.146875 0.15625
1 0.71484375 0.0625 0.1390625 0.078125
1 0.50390625 0.03671875 0.1078125 0.0734375
1 0.42421875 0.0203125 0.1171875 0.040625
1 0.640625 0.06328125 0.1109375 0.1046875