1 0.0625 0.2734375 0.071875 0.10390625
1 0.3078125 0.32890625 0.07421875 0.0984375
1 0.21171875 0.30703125 0.071875 0.1015625
1 0.4421875 0.3625 0.0890625 0.115625
1 0.6421875 0.33359375 0.0578125 0.08203125
0 0.59375 0.30234375 0.07421875 0.084375
1 0.0625 0.053125 0.071875 0.10390625
1 0.3078125 0.02421875 0.0765625 0.0484375
1 0.21171875 0.0359375 0.0734375 0.071875
1 0.44140625 0.01171875 0.0921875 0.0234375
1 0.64296875 0.01796875 0.06015625 0.0359375
0 0.59375 0.03359375 0.0765625 0.0671875