1 0.1703125 0.33671875 0.1609375 0.1828125
1 0.88203125 0.3265625 0.2140625 0.19921875
1 0.6109375 0.3578125 0.1296875 0.1421875
1 0.43984375 0.4328125 0.115625 0.13671875
1 0.396875 0.321875 0.09140625 0.115625
1 0.31484375 0.34609375 0.103125 0.134375
1 0.53828125 0.31015625 0.09140625 0.115625
1 0.1703125 0.046875 0.16328125 0.09375
1 0.88203125 0.05546875 0.21640625 0.1109375
1 0.6109375 0.025 0.13125 0.05
1 0.39765625 0.0375 0.09375 0.07421875
1 0.3140625 0.0296875 0.10625 0.059375
1 0.5390625 0.04296875 0.09375 0.0859375