1 0.19609375 0.2921875 0.184375 0.203125
1 0.89140625 0.38046875 0.2171875 0.2265625
1 0.6296875 0.375 0.1484375 0.159375
1 0.45 0.425 0.1328125 0.1515625
1 0.42265625 0.309375 0.10625 0.1265625
1 0.33828125 0.321875 0.1203125 0.146875
1 0.5640625 0.3171875 0.10625 0.1265625
1 0.2359375 0.03125 0.175 0.0625
1 0.9125 0.1125 0.175 0.140625
1 0.67578125 0.0453125 0.1375 0.0671875
1 0.4625 0.03515625 0.103125 0.0703125
1 0.38046875 0.02265625 0.1140625 0.0453125
1 0.60234375 0.053125 0.1046875 0.0984375