1 0.73046875 0.6296875 0.0578125 0.071875
1 0.56015625 0.5046875 0.03828125 0.05078125
1 0.615625 0.4859375 0.03828125 0.0453125
0 0.03125 0.634375 0.04296875 0.0453125
0 0.12265625 0.63203125 0.0453125 0.05078125
0 0.19453125 0.584375 0.04296875 0.04296875
0 0.40859375 0.384375 0.0265625 0.0265625
0 0.375 0.53359375 0.03359375 0.0359375
0 0.8265625 0.47578125 0.0359375 0.03828125
0 0.25234375 0.5484375 0.03359375 0.03359375
0 0.2140625 0.53125 0.0359375 0.03828125
0 0.31953125 0.53828125 0.0359375 0.040625
0 0.28359375 0.50703125 0.040625 0.0359375
0 0.4234375 0.5140625 0.040625 0.03359375
0 0.38671875 0.4828125 0.03828125 0.040625
0 0.4515625 0.46171875 0.03359375 0.03359375
0 0.5625 0.428125 0.03359375 0.03828125
0 0.6609375 0.39921875 0.03125 0.03359375
0 0.3390625 0.5140625 0.03125 0.040625
0 0.19921875 0.35546875 0.02421875 0.03125