1 0.77890625 0.328125 0.225 0.253125
1 0.359375 0.29765625 0.20625 0.234375
1 0.47421875 0.403125 0.121875 0.14375
1 0.625 0.4171875 0.1703125 0.1765625
1 0.15625 0.4046875 0.1578125 0.1421875
1 0.03671875 0.38046875 0.0734375 0.0953125
1 0.16015625 0.334375 0.1140625 0.1078125
1 0.05390625 0.33671875 0.05625 0.0625
1 0.75234375 0.03671875 0.2140625 0.0734375
1 0.3421875 0.0859375 0.2015625 0.1625
1 0.021875 0.05390625 0.04375 0.0328125
1 0.1375 0.06328125 0.1125 0.0765625
1 0.02890625 0.06640625 0.0578125 0.059375