1 0.740625 0.2546875 0.08203125 0.084375
1 0.86796875 0.321875 0.07421875 0.084375
1 0.31484375 0.2671875 0.0671875 0.071875
1 0.32421875 0.3578125 0.0984375 0.10546875
1 0.5578125 0.36796875 0.0765625 0.09375
1 0.071875 0.2765625 0.053125 0.0625
1 0.4734375 0.2671875 0.05078125 0.053125
1 0.53828125 0.2546875 0.0453125 0.06015625
1 0.8265625 0.25 0.053125 0.06484375
1 0.740625 0.0765625 0.08203125 0.084375
1 0.86796875 0.0265625 0.0765625 0.053125
1 0.31484375 0.06484375 0.0671875 0.071875
1 0.3234375 0.0140625 0.1 0.028125
1 0.071875 0.05546875 0.053125 0.0625
1 0.4734375 0.06484375 0.05078125 0.053125
1 0.53828125 0.0765625 0.0453125 0.06015625
1 0.8265625 0.08203125 0.053125 0.06484375