1 0.946875 0.26953125 0.09609375 0.12734375
1 0.7859375 0.2671875 0.09375 0.11328125
1 0.165625 0.2953125 0.11796875 0.1515625
1 0.89921875 0.52890625 0.178125 0.209375
1 0.6828125 0.46875 0.08671875 0.09609375
1 0.053125 0.31484375 0.09140625 0.115625
1 0.415625 0.3078125 0.0765625 0.1078125
1 0.83203125 0.47109375 0.1078125 0.1296875
1 0.68515625 0.31015625 0.0625 0.07421875
1 0.50234375 0.2953125 0.05078125 0.071875
1 0.5984375 0.3390625 0.05078125 0.06953125
1 0.55078125 0.31484375 0.0453125 0.0625
1 0.9484375 0.046875 0.0984375 0.09375
1 0.7859375 0.04453125 0.09609375 0.0890625
1 0.165625 0.03984375 0.1203125 0.0796875
1 0.05390625 0.021875 0.09375 0.04296875
1 0.4171875 0.02265625 0.0796875 0.0453125
1 0.6859375 0.01328125 0.06484375 0.0265625
1 0.50234375 0.0203125 0.053125 0.040625
1 0.55078125 0.00859375 0.0484375 0.0171875