1 0.2796875 0.440625 0.04375 0.04375
1 0.3640625 0.47578125 0.0453125 0.0453125
1 0.50625 0.43046875 0.0421875 0.046875
1 0.81328125 0.325 0.0265625 0.0359375
0 0.12421875 0.66015625 0.0734375 0.046875
0 0.178125 0.48984375 0.0453125 0.0421875
0 0.075 0.584375 0.059375 0.0609375
0 0.125 0.61171875 0.06875 0.0546875
0 0.259375 0.5078125 0.05 0.046875
0 0.33125 0.53046875 0.05625 0.046875
0 0.4375 0.50859375 0.05625 0.05625
0 0.55859375 0.45234375 0.05625 0.05
0 0.63515625 0.321875 0.034375 0.03125
0 0.690625 0.32265625 0.0296875 0.025
1 0.5984375 0.359375 0.034375 0.034375
1 0.77265625 0.31953125 0.034375 0.03125