1 0.2875 0.41796875 0.0484375 0.0484375
1 0.3671875 0.46171875 0.05 0.0484375
1 0.51328125 0.43125 0.0453125 0.05
1 0.8296875 0.35859375 0.03125 0.0390625
0 0.11015625 0.61953125 0.0765625 0.0546875
0 0.18125 0.45625 0.05 0.0453125
0 0.06875 0.5390625 0.0640625 0.0671875
0 0.115625 0.571875 0.0734375 0.0609375
0 0.259375 0.48203125 0.053125 0.0515625
0 0.32890625 0.5125 0.0609375 0.053125
0 0.43671875 0.5015625 0.0625 0.0625
0 0.56328125 0.45859375 0.0609375 0.0546875
0 0.653125 0.33671875 0.0375 0.034375
0 0.7078125 0.34375 0.03125 0.028125
1 0.6125 0.3703125 0.0375 0.0375
1 0.78984375 0.34921875 0.0375 0.034375