1 0.27890625 0.44453125 0.04296875 0.04375
1 0.36328125 0.478125 0.0453125 0.04375
1 0.5046875 0.43046875 0.040625 0.04609375
1 0.81015625 0.31953125 0.0265625 0.0359375
0 0.12734375 0.66640625 0.071875 0.04609375
0 0.178125 0.4953125 0.0453125 0.040625
0 0.0765625 0.59140625 0.0578125 0.06015625
0 0.12734375 0.61796875 0.0671875 0.053125
0 0.259375 0.51171875 0.0484375 0.04609375
0 0.33203125 0.53359375 0.05546875 0.04609375
0 0.4375 0.509375 0.05546875 0.05546875
0 0.5578125 0.4515625 0.05546875 0.0484375
0 0.63203125 0.31953125 0.03359375 0.03125
0 0.6875 0.31953125 0.02890625 0.02421875
1 0.59609375 0.3578125 0.03359375 0.03359375
1 0.76953125 0.31484375 0.03359375 0.03125