0 0.69140625 0.32578125 0.075 0.096875
0 0.50859375 0.31953125 0.065625 0.075
0 0.36875 0.31640625 0.0890625 0.090625
0 0.21640625 0.2625 0.103125 0.125
0 0.15234375 0.30703125 0.0640625 0.0796875
0 0.61953125 0.34140625 0.040625 0.065625
0 0.09921875 0.3078125 0.046875 0.059375
0 0.578125 0.3546875 0.04375 0.059375
0 0.71640625 0.05234375 0.075 0.075
0 0.53359375 0.02578125 0.0671875 0.0515625
0 0.396875 0.01875 0.0875 0.0375
0 0.23671875 0.040625 0.1046875 0.08125
0 0.646875 0.028125 0.040625 0.0375
0 0.609375 0.0140625 0.0421875 0.015625