1 0.6953125 0.678125 0.071875 0.0828125
1 0.5578125 0.51796875 0.0484375 0.0578125
1 0.615625 0.5125 0.046875 0.053125
0 0.01953125 0.525 0.0390625 0.053125
0 0.10234375 0.54375 0.05625 0.059375
0 0.18359375 0.51328125 0.0515625 0.0515625
0 0.43671875 0.36640625 0.03125 0.03125
0 0.3703125 0.5046875 0.040625 0.0421875
0 0.8234375 0.55 0.04375 0.0453125
0 0.24765625 0.49140625 0.040625 0.040625
0 0.2140625 0.46640625 0.04375 0.0453125
0 0.315625 0.496875 0.04375 0.0484375
0 0.2875 0.4578125 0.0484375 0.04375
0 0.421875 0.49609375 0.046875 0.0421875
0 0.39375 0.4578125 0.046875 0.0484375
0 0.46171875 0.4515625 0.040625 0.040625
0 0.57734375 0.44375 0.040625 0.0453125
0 0.6796875 0.43828125 0.0375 0.0390625
0 0.33984375 0.47734375 0.0390625 0.046875
0 0.2390625 0.29140625 0.03125 0.0359375