1 0.878125 0.16796875 0.1234375 0.146875
1 0.72109375 0.2046875 0.11875 0.1328125
1 0.12578125 0.38203125 0.1515625 0.175
1 0.89140625 0.43125 0.2171875 0.246875
1 0.66953125 0.42578125 0.1078125 0.1140625
1 0.03984375 0.428125 0.0796875 0.134375
1 0.371875 0.33359375 0.1 0.1234375
1 0.81484375 0.39140625 0.1359375 0.1515625
1 0.63359375 0.27109375 0.078125 0.0875
1 0.453125 0.30078125 0.0671875 0.08125
1 0.55625 0.3203125 0.065625 0.0796875
1 0.5046875 0.3078125 0.059375 0.071875
1 0.66640625 0.021875 0.1140625 0.04375
1 0.065625 0.134375 0.13125 0.10625
1 0.30390625 0.05703125 0.0890625 0.0625
1 0.3859375 0.034375 0.0609375 0.0515625
1 0.43046875 0.0125 0.0515625 0.025