1 0.95703125 0.31640625 0.0859375 0.1359375
1 0.80859375 0.2984375 0.1046875 0.121875
1 0.1890625 0.26171875 0.1328125 0.1625
1 0.89375 0.5703125 0.1984375 0.2265625
1 0.68515625 0.48828125 0.096875 0.1046875
1 0.075 0.26953125 0.103125 0.125
1 0.4359375 0.3 0.0875 0.115625
1 0.83359375 0.50625 0.1203125 0.140625
1 0.70390625 0.33046875 0.0703125 0.0796875
1 0.5234375 0.296875 0.0578125 0.0765625
1 0.61484375 0.35 0.0578125 0.075
1 0.56953125 0.32109375 0.0515625 0.0671875
1 0.96953125 0.0953125 0.0609375 0.103125
1 0.83203125 0.0765625 0.1046875 0.0984375
1 0.215625 0.0265625 0.128125 0.053125
1 0.4671875 0.02109375 0.084375 0.0421875
1 0.7359375 0.03515625 0.0671875 0.0328125
1 0.55234375 0.0234375 0.0578125 0.0453125
1 0.6015625 0.01640625 0.05 0.021875