1 0.684375 0.21015625 0.0984375 0.1
1 0.82265625 0.24921875 0.090625 0.0984375
1 0.2703125 0.3109375 0.08125 0.084375
1 0.2984375 0.39765625 0.11875 0.1234375
1 0.52890625 0.35859375 0.09375 0.1078125
1 0.03515625 0.3703125 0.065625 0.071875
1 0.42578125 0.278125 0.0609375 0.0625
1 0.48671875 0.25234375 0.05625 0.06875
1 0.7671875 0.1875 0.065625 0.075
1 0.64765625 0.04296875 0.0984375 0.0859375
1 0.228125 0.1125 0.08125 0.084375
1 0.2265625 0.06171875 0.103125 0.0484375
1 0.0109375 0.153125 0.021875 0.071875
1 0.38359375 0.0796875 0.0609375 0.0625
1 0.44921875 0.078125 0.05625 0.06875
1 0.7328125 0.03046875 0.065625 0.0609375