1 0.78984375 0.31484375 0.0984375 0.1
1 0.8984375 0.409375 0.090625 0.0984375
1 0.371875 0.23125 0.08125 0.084375
1 0.3609375 0.321875 0.1203125 0.125
1 0.5859375 0.384375 0.0953125 0.1078125
1 0.1328125 0.1859375 0.065625 0.0734375
1 0.5265625 0.2671875 0.0609375 0.0625
1 0.5921875 0.26953125 0.0578125 0.06875
1 0.87421875 0.3296875 0.065625 0.075
1 0.8296875 0.14140625 0.0984375 0.1
1 0.9609375 0.1203125 0.078125 0.06875
1 0.4171875 0.03828125 0.08125 0.0765625
1 0.4375 0.00546875 0.103125 0.0109375
1 0.571875 0.0703125 0.0609375 0.0625
1 0.6328125 0.09609375 0.0578125 0.06875
1 0.9125 0.16640625 0.065625 0.075