1 0.75078125 0.58359375 0.0703125 0.08125
1 0.56015625 0.49296875 0.046875 0.0578125
1 0.6109375 0.4640625 0.046875 0.0515625
0 0.065625 0.72109375 0.0515625 0.053125
0 0.1546875 0.7015625 0.0546875 0.0578125
0 0.21640625 0.64140625 0.05 0.05
0 0.38828125 0.40390625 0.03125 0.03125
0 0.38359375 0.55703125 0.0390625 0.0421875
0 0.815625 0.4140625 0.0421875 0.04375
0 0.26640625 0.59453125 0.0390625 0.0390625
0 0.225 0.58515625 0.0421875 0.04375
0 0.33046875 0.571875 0.04375 0.046875
0 0.2890625 0.5484375 0.046875 0.04375
0 0.42734375 0.528125 0.046875 0.040625
0 0.38515625 0.5046875 0.0453125 0.046875
0 0.4453125 0.471875 0.0390625 0.0390625
0 0.54765625 0.4171875 0.040625 0.04375
0 0.6390625 0.3703125 0.0375 0.0390625
0 0.34453125 0.54453125 0.0390625 0.0453125
0 0.17734375 0.415625 0.0296875 0.0359375