0 0.63203125 0.27734375 0.084375 0.103125
0 0.45546875 0.325 0.0734375 0.08125
0 0.32109375 0.36328125 0.0984375 0.1
0 0.159375 0.35625 0.115625 0.134375
0 0.1109375 0.4171875 0.071875 0.0859375
0 0.56796875 0.31328125 0.0484375 0.06875
0 0.0609375 0.43359375 0.053125 0.0625
0 0.53203125 0.33828125 0.0484375 0.0625
0 0.57578125 0.025 0.0828125 0.05
0 0.39453125 0.0359375 0.071875 0.0609375
0 0.25859375 0.06328125 0.0921875 0.0625
0 0.109375 0.12421875 0.1140625 0.1203125
0 0.0453125 0.1015625 0.065625 0.04375
0 0.503125 0.0125 0.04375 0.025
0 0.0078125 0.10546875 0.015625 0.0265625
0 0.46171875 0.00625 0.0421875 0.0125