0 0.67578125 0.309375 0.0671875 0.09140625
0 0.49296875 0.31953125 0.06015625 0.06953125
0 0.353125 0.32890625 0.08203125 0.084375
0 0.196875 0.28828125 0.09375 0.11796875
0 0.13671875 0.33828125 0.0578125 0.075
0 0.60546875 0.33125 0.0359375 0.0625
0 0.084375 0.34375 0.04296875 0.05546875
0 0.56484375 0.3484375 0.03828125 0.05546875
0 0.6765625 0.03515625 0.06953125 0.06953125
0 0.49296875 0.02421875 0.0625 0.0484375
0 0.3546875 0.02265625 0.084375 0.0453125
0 0.19609375 0.0515625 0.0953125 0.103125
0 0.13828125 0.015625 0.06015625 0.03125
0 0.60546875 0.0171875 0.03828125 0.03359375
0 0.08515625 0.00859375 0.0453125 0.0171875
0 0.56640625 0.00625 0.040625 0.01171875