1 0.79296875 0.353125 0.2046875 0.2359375
1 0.37734375 0.2859375 0.1875 0.21875
1 0.4828125 0.4015625 0.1109375 0.134375
1 0.63203125 0.428125 0.15625 0.1625
1 0.165625 0.375 0.146875 0.1296875
1 0.0453125 0.34140625 0.075 0.0890625
1 0.17578125 0.30546875 0.10625 0.0984375
1 0.06953125 0.2984375 0.05 0.0578125
1 0.79296875 0.04453125 0.20625 0.0890625
1 0.37890625 0.0734375 0.190625 0.146875
1 0.0453125 0.01328125 0.0765625 0.0265625
1 0.1765625 0.03359375 0.1078125 0.0671875
1 0.06875 0.02734375 0.053125 0.0546875