1 0.6921875 0.3890625 0.08125 0.1015625
1 0.14296875 0.4734375 0.0984375 0.10625
1 0.378125 0.41953125 0.075 0.0953125
1 0.92421875 0.38125 0.0796875 0.096875
1 0.26328125 0.44765625 0.065625 0.0875
1 0.7515625 0.39921875 0.065625 0.0734375
1 0.57421875 0.4296875 0.059375 0.0765625
1 0.47265625 0.4046875 0.0640625 0.0765625
1 0.21328125 0.4890625 0.0609375 0.075
1 0.42578125 0.42890625 0.0453125 0.065625
1 0.6125 0.41171875 0.0453125 0.0703125
1 0.88515625 0.36640625 0.0609375 0.071875
1 0.83125 0.37734375 0.0546875 0.06875