1 0.73984375 0.2828125 0.0890625 0.11875
1 0.15703125 0.32109375 0.0890625 0.109375
1 0.43046875 0.33125 0.071875 0.0984375
1 0.50703125 0.3234375 0.0890625 0.11875
1 0.23984375 0.33515625 0.0640625 0.0859375
1 0.59453125 0.3046875 0.071875 0.103125
1 0.328125 0.32109375 0.0640625 0.0953125
1 0.81875 0.29921875 0.1203125 0.1375
1 0.02421875 0.371875 0.0484375 0.0875
1 0.9640625 0.3515625 0.05 0.0609375
1 0.103125 0.365625 0.0640625 0.0640625
1 0.7234375 0.0375 0.090625 0.075
1 0.140625 0.06796875 0.090625 0.0921875
1 0.409375 0.03203125 0.0703125 0.0578125
1 0.48671875 0.03359375 0.0890625 0.0671875
1 0.221875 0.046875 0.0640625 0.0625
1 0.575 0.0328125 0.071875 0.065625
1 0.31015625 0.04765625 0.065625 0.0734375
1 0.7984375 0.02890625 0.11875 0.0578125
1 0.01328125 0.0515625 0.0265625 0.040625
1 0.0796875 0.03984375 0.0640625 0.028125