1 0.71953125 0.46875 0.0859375 0.1046875
1 0.17890625 0.34140625 0.103125 0.1109375
1 0.4171875 0.3796875 0.0796875 0.0984375
1 0.9375 0.54921875 0.084375 0.1
1 0.3 0.3625 0.0703125 0.0890625
1 0.77109375 0.50078125 0.06875 0.075
1 0.5953125 0.4625 0.0625 0.078125
1 0.5109375 0.4015625 0.0671875 0.0796875
1 0.23828125 0.3828125 0.0640625 0.0765625
1 0.4578125 0.40625 0.0484375 0.0671875
1 0.6375 0.46015625 0.05 0.071875
1 0.9078125 0.5203125 0.0640625 0.075
1 0.853125 0.51015625 0.0578125 0.0703125