1 0.70703125 0.4203125 0.0671875 0.09140625
1 0.1515625 0.41796875 0.084375 0.09375
1 0.3921875 0.4015625 0.0625 0.08671875
1 0.9375 0.44921875 0.0671875 0.08671875
1 0.27421875 0.4109375 0.053125 0.0796875
1 0.7640625 0.43984375 0.05546875 0.06484375
1 0.584375 0.4421875 0.0484375 0.06953125
1 0.48828125 0.4015625 0.053125 0.06953125
1 0.21875 0.44453125 0.05078125 0.0671875
1 0.4375 0.41796875 0.0359375 0.06015625
1 0.625 0.43046875 0.0359375 0.06484375
1 0.9015625 0.428125 0.05078125 0.06484375
1 0.84609375 0.43046875 0.0453125 0.0625