1 0.853125 0.2859375 0.140625 0.15625
1 0.73046875 0.35859375 0.0984375 0.1109375
1 0.64453125 0.36171875 0.0890625 0.096875
1 0.80078125 0.3125 0.0828125 0.1140625
0 0.07421875 0.48046875 0.1484375 0.1609375
0 0.55625 0.39296875 0.0890625 0.1
0 0.44453125 0.43203125 0.071875 0.075
1 0.18359375 0.303125 0.028125 0.0328125
1 0.0890625 0.31171875 0.028125 0.03125
1 0.02265625 0.33203125 0.028125 0.0296875
1 0.01953125 0.48203125 0.0390625 0.0921875
1 0.13046875 0.10390625 0.028125 0.0328125
1 0.04375 0.14453125 0.028125 0.03125