1 0.7546875 0.3 0.08203125 0.11328125
1 0.1703125 0.29765625 0.08203125 0.10390625
1 0.4421875 0.3265625 0.06484375 0.09375
1 0.51953125 0.32421875 0.08203125 0.11328125
1 0.25234375 0.3171875 0.0578125 0.08203125
1 0.6078125 0.31171875 0.06484375 0.0984375
1 0.34140625 0.309375 0.0578125 0.09140625
1 0.83203125 0.321875 0.1109375 0.13046875
1 0.02890625 0.33828125 0.05546875 0.084375
1 0.9734375 0.384375 0.0453125 0.0578125
1 0.11328125 0.33828125 0.06015625 0.06015625
1 0.75625 0.04453125 0.084375 0.0890625
1 0.171875 0.04375 0.084375 0.08671875
1 0.4421875 0.0265625 0.0671875 0.053125
1 0.5203125 0.0328125 0.084375 0.06484375
1 0.25390625 0.02890625 0.06015625 0.0578125
1 0.6078125 0.03515625 0.0671875 0.06953125
1 0.3421875 0.03515625 0.06015625 0.06953125
1 0.83203125 0.03828125 0.1140625 0.0765625
1 0.02890625 0.01796875 0.0578125 0.0359375
1 0.1125 0.01171875 0.0625 0.0234375