1 0.50390625 0.534375 0.075 0.0921875
1 0.17109375 0.478125 0.0734375 0.075
1 0.14296875 0.553125 0.1265625 0.1203125
1 0.32265625 0.56953125 0.1125 0.128125
1 0.06171875 0.51953125 0.0984375 0.084375
1 0.05859375 0.44609375 0.0625 0.0625
1 0.33359375 0.44921875 0.034375 0.0359375
1 0.42890625 0.48671875 0.0390625 0.0390625
1 0.47421875 0.490625 0.0375 0.046875
1 0.725 0.54375 0.04375 0.04375
1 0.63359375 0.51171875 0.0328125 0.040625
1 0.59453125 0.51796875 0.034375 0.046875
1 0.5484375 0.50625 0.034375 0.040625