1 0.50703125 0.53359375 0.0671875 0.08671875
1 0.1703125 0.50703125 0.0671875 0.06953125
1 0.14921875 0.584375 0.11796875 0.1109375
1 0.3296875 0.584375 0.103125 0.1203125
1 0.06484375 0.5578125 0.09140625 0.07734375
1 0.05546875 0.48515625 0.0578125 0.0578125
1 0.3296875 0.4640625 0.03125 0.03359375
1 0.428125 0.49296875 0.0359375 0.0359375
1 0.4734375 0.49296875 0.03359375 0.04375
1 0.728125 0.52421875 0.040625 0.040625
1 0.634375 0.5 0.02890625 0.03828125
1 0.59609375 0.509375 0.03125 0.04375
1 0.5484375 0.50234375 0.03125 0.03828125