1 0.88671875 0.3625 0.071875 0.09140625
1 0.396875 0.22890625 0.13671875 0.12734375
1 0.65625 0.29765625 0.10546875 0.14453125
1 0.09140625 0.33828125 0.11796875 0.115625
1 0.771875 0.3359375 0.09140625 0.115625
1 0.94921875 0.4203125 0.06015625 0.06953125
1 0.34140625 0.321875 0.06484375 0.10390625
1 0.396875 0.0984375 0.13671875 0.12734375
1 0.65703125 0.0515625 0.1078125 0.103125
1 0.09140625 0.02421875 0.1203125 0.0484375
1 0.771875 0.025 0.09375 0.05
1 0.34140625 0.02890625 0.0671875 0.0578125