1 0.90546875 0.41953125 0.121875 0.140625
1 0.76484375 0.44609375 0.084375 0.1
1 0.68359375 0.41953125 0.0765625 0.0875
1 0.846875 0.4265625 0.0671875 0.1078125
0 0.1015625 0.33515625 0.1390625 0.1421875
0 0.58984375 0.41875 0.0765625 0.090625
0 0.47109375 0.4171875 0.0625 0.0671875
1 0.2703125 0.20703125 0.025 0.03125
1 0.178125 0.1828125 0.0234375 0.028125
1 0.10859375 0.17890625 0.0234375 0.0265625
1 0.040625 0.31484375 0.0546875 0.0859375
1 0.2875 0.00859375 0.025 0.0171875
1 0.19296875 0.01171875 0.0234375 0.0234375
1 0.12421875 0.00703125 0.0234375 0.0140625