1 0.7359375 0.27890625 0.0921875 0.1203125
1 0.15390625 0.32734375 0.090625 0.1109375
1 0.42734375 0.33203125 0.0734375 0.0984375
1 0.50390625 0.3234375 0.0921875 0.1203125
1 0.2375 0.33984375 0.0640625 0.0875
1 0.590625 0.303125 0.0734375 0.103125
1 0.32578125 0.32421875 0.065625 0.096875
1 0.815625 0.29375 0.121875 0.1390625
1 0.0234375 0.37890625 0.046875 0.0890625
1 0.96171875 0.34375 0.05 0.0609375
1 0.10078125 0.37265625 0.065625 0.065625
1 0.71484375 0.0359375 0.0921875 0.071875
1 0.13359375 0.07421875 0.0921875 0.09375
1 0.40078125 0.03359375 0.071875 0.059375
1 0.47890625 0.034375 0.0890625 0.06875
1 0.2140625 0.05234375 0.065625 0.0625
1 0.56640625 0.03203125 0.0734375 0.0640625
1 0.30234375 0.05078125 0.065625 0.075
1 0.78984375 0.0265625 0.1203125 0.053125
1 0.009375 0.0609375 0.01875 0.040625
1 0.07109375 0.04765625 0.0640625 0.028125