1 0.896875 0.384375 0.1109375 0.13203125
1 0.759375 0.4234375 0.0765625 0.09375
1 0.67578125 0.40390625 0.06953125 0.08203125
1 0.8390625 0.396875 0.0578125 0.103125
0 0.0890625 0.3703125 0.12734375 0.13203125
0 0.58203125 0.4109375 0.06953125 0.084375
0 0.4640625 0.4203125 0.0578125 0.0625
1 0.2453125 0.228125 0.021875 0.02890625
1 0.1515625 0.21171875 0.021875 0.0265625
1 0.08203125 0.2140625 0.021875 0.02421875
1 0.0265625 0.35546875 0.0484375 0.08203125
1 0.2453125 0.021875 0.021875 0.02890625
1 0.1515625 0.03828125 0.021875 0.0265625
1 0.08203125 0.0359375 0.021875 0.02421875