1 0.50859375 0.5328125 0.071875 0.090625
1 0.17109375 0.52421875 0.0703125 0.0734375
1 0.15390625 0.60234375 0.1234375 0.1171875
1 0.334375 0.59296875 0.109375 0.125
1 0.06875 0.58046875 0.0953125 0.08125
1 0.05546875 0.50859375 0.0609375 0.0609375
1 0.328125 0.47265625 0.0328125 0.0359375
1 0.428125 0.496875 0.0375 0.0375
1 0.4734375 0.49453125 0.0359375 0.0453125
1 0.72890625 0.5125 0.0421875 0.0421875
1 0.634375 0.49296875 0.03125 0.0390625
1 0.59609375 0.5046875 0.0328125 0.0453125
1 0.5484375 0.5 0.0328125 0.040625