1 0.10390625 0.328125 0.084375 0.1046875
1 0.1890625 0.36484375 0.059375 0.071875
1 0.23046875 0.36484375 0.0453125 0.0625
1 0.27421875 0.32421875 0.0859375 0.121875
1 0.4359375 0.33515625 0.065625 0.078125
1 0.546875 0.334375 0.075 0.11875
1 0.4984375 0.33671875 0.053125 0.084375
1 0.73203125 0.2859375 0.1 0.1234375
1 0.69296875 0.3265625 0.034375 0.0734375
1 0.775 0.321875 0.05 0.0890625
1 0.82421875 0.340625 0.046875 0.0640625
1 0.89375 0.346875 0.0875 0.121875
1 0.9578125 0.32421875 0.0453125 0.0546875