1 0.67890625 0.340625 0.1671875 0.209375
1 0.428125 0.29609375 0.0875 0.096875
1 0.3671875 0.29375 0.053125 0.0625
1 0.25859375 0.29921875 0.0421875 0.04375
1 0.2265625 0.271875 0.0328125 0.0359375
1 0.209375 0.29375 0.0375 0.0359375
1 0.17265625 0.278125 0.0328125 0.028125
1 0.15390625 0.28671875 0.03125 0.0328125
1 0.99375 0.371875 0.0125 0.03125
1 0.96015625 0.378125 0.0359375 0.0375
1 0.71953125 0.08984375 0.159375 0.1421875
1 0.4703125 0.0359375 0.0875 0.071875
1 0.4125 0.01796875 0.05625 0.0359375
1 0.9921875 0.10625 0.015625 0.0375