1 0.53671875 0.30546875 0.115625 0.134375
1 0.05078125 0.38828125 0.1015625 0.1890625
1 0.38515625 0.3421875 0.1140625 0.134375
1 0.71796875 0.23984375 0.13125 0.1515625
1 0.27109375 0.36875 0.128125 0.1421875
1 0.84375 0.27890625 0.1046875 0.14375
1 0.15703125 0.41328125 0.1375 0.159375
1 0.47890625 0.04375 0.1109375 0.0875
1 0.02578125 0.1671875 0.0515625 0.15625
1 0.328125 0.06640625 0.1078125 0.096875
1 0.66953125 0.040625 0.1296875 0.08125
1 0.2125 0.090625 0.121875 0.1
1 0.09375 0.1109375 0.125 0.0921875