1 0.11328125 0.3078125 0.0796875 0.10078125
1 0.196875 0.3484375 0.05546875 0.06953125
1 0.23828125 0.35078125 0.04296875 0.06015625
1 0.28359375 0.3125 0.0796875 0.11796875
1 0.44453125 0.33203125 0.0625 0.07421875
1 0.55546875 0.33671875 0.06953125 0.115625
1 0.50703125 0.33671875 0.0484375 0.08203125
1 0.74296875 0.2984375 0.09375 0.11796875
1 0.7015625 0.33671875 0.03125 0.071875
1 0.78359375 0.33671875 0.0453125 0.08671875
1 0.83203125 0.3578125 0.04296875 0.0625
1 0.9015625 0.36796875 0.08203125 0.11796875
1 0.96640625 0.3484375 0.04296875 0.053125