1 0.6515625 0.31484375 0.1390625 0.18984375
1 0.396875 0.31015625 0.07421875 0.08671875
1 0.33671875 0.3171875 0.0453125 0.05546875
1 0.23046875 0.3390625 0.0359375 0.03828125
1 0.19453125 0.3171875 0.02890625 0.03125
1 0.18046875 0.34140625 0.03359375 0.03125
1 0.1421875 0.33203125 0.02890625 0.02421875
1 0.125 0.34375 0.0265625 0.02890625
1 0.97578125 0.2953125 0.021875 0.02890625
1 0.93515625 0.3078125 0.03125 0.03359375
1 0.65234375 0.0609375 0.1421875 0.121875
1 0.396875 0.03828125 0.0765625 0.0765625
1 0.33671875 0.0265625 0.0484375 0.053125
1 0.2296875 0.01171875 0.0375 0.0234375
1 0.19453125 0.02421875 0.02890625 0.03125
1 0.18125 0.00859375 0.0359375 0.0171875
1 0.1421875 0.01171875 0.03125 0.0234375
1 0.125 0.00703125 0.02890625 0.0140625
1 0.97578125 0.0453125 0.021875 0.02890625
1 0.93515625 0.03359375 0.03125 0.03359375