1 0.20859375 0.440625 0.065625 0.071875
1 0.06640625 0.3796875 0.025 0.0359375
1 0.80078125 0.425 0.0984375 0.115625
1 0.66953125 0.43515625 0.090625 0.1078125
1 0.58984375 0.384375 0.0671875 0.0875
1 0.5015625 0.40390625 0.065625 0.065625
1 0.44609375 0.403125 0.05625 0.0734375
1 0.3625 0.3890625 0.05 0.05625
1 0.30390625 0.3890625 0.05 0.0609375
1 0.26171875 0.38046875 0.0421875 0.0484375
1 0.2234375 0.37734375 0.0375 0.0484375
1 0.17734375 0.3796875 0.0390625 0.0484375
1 0.13125 0.3828125 0.034375 0.04375