1 0.040625 0.309375 0.0625 0.07265625
1 0.39453125 0.36015625 0.0578125 0.06015625
1 0.37734375 0.33125 0.06015625 0.0625
1 0.58671875 0.42734375 0.0453125 0.06015625
1 0.7859375 0.36484375 0.0484375 0.05078125
1 0.66328125 0.33359375 0.0453125 0.05546875
1 0.48828125 0.34375 0.04296875 0.0578125
1 0.51953125 0.353125 0.03828125 0.05546875
1 0.24296875 0.43515625 0.03828125 0.03828125
1 0.0421875 0.03046875 0.06484375 0.06015625
1 0.37734375 0.0171875 0.0625 0.03359375
1 0.66328125 0.01328125 0.0484375 0.0265625
1 0.48828125 0.009375 0.0453125 0.01875