1 0.67578125 0.3375 0.1640625 0.2078125
1 0.42421875 0.29765625 0.0859375 0.096875
1 0.3640625 0.29609375 0.053125 0.0609375
1 0.25546875 0.303125 0.040625 0.0421875
1 0.22265625 0.2765625 0.0328125 0.034375
1 0.20546875 0.2984375 0.0375 0.0359375
1 0.16875 0.28359375 0.03125 0.028125
1 0.15078125 0.29296875 0.0296875 0.0328125
1 0.99375 0.3625 0.0125 0.03125
1 0.9578125 0.3703125 0.0359375 0.0375
1 0.71171875 0.08671875 0.1578125 0.140625
1 0.46171875 0.03515625 0.0859375 0.0703125
1 0.40390625 0.01875 0.0546875 0.0375
1 0.9890625 0.0984375 0.021875 0.0375