1 0.1984375 0.4609375 0.0609375 0.075
1 0.5515625 0.440625 0.05 0.0703125
1 0.32890625 0.46640625 0.0578125 0.0703125
1 0.12890625 0.47265625 0.05 0.0625
1 0.0234375 0.49453125 0.046875 0.0796875
1 0.29609375 0.47109375 0.034375 0.0578125
1 0.43671875 0.45625 0.046875 0.065625
1 0.475 0.453125 0.034375 0.046875
1 0.515625 0.43828125 0.0296875 0.046875
1 0.62890625 0.41875 0.05625 0.0734375
1 0.884375 0.4171875 0.053125 0.0640625
1 0.834375 0.4234375 0.0375 0.053125
1 0.73125 0.42578125 0.0375 0.05
1 0.6953125 0.4328125 0.0390625 0.0515625
1 0.66640625 0.4328125 0.0296875 0.05