1 0.203125 0.48203125 0.0640625 0.0703125
1 0.05390625 0.44140625 0.0234375 0.034375
1 0.7875 0.384375 0.0953125 0.1125
1 0.65859375 0.41171875 0.0875 0.1046875
1 0.5734375 0.3734375 0.0640625 0.084375
1 0.48828125 0.4046875 0.0625 0.0625
1 0.4328125 0.41171875 0.0546875 0.071875
1 0.3484375 0.409375 0.0484375 0.0546875
1 0.290625 0.4171875 0.0484375 0.059375
1 0.24765625 0.41484375 0.040625 0.046875
1 0.209375 0.41640625 0.0359375 0.046875
1 0.16328125 0.42578125 0.0375 0.046875
1 0.11875 0.43515625 0.0328125 0.0421875