1 0.2046875 0.46640625 0.06015625 0.0671875
1 0.0578125 0.41796875 0.021875 0.03359375
1 0.79296875 0.39921875 0.0890625 0.1078125
1 0.66328125 0.4203125 0.08203125 0.10078125
1 0.5796875 0.37734375 0.06015625 0.08203125
1 0.49296875 0.40390625 0.06015625 0.06015625
1 0.4375 0.40859375 0.05078125 0.06953125
1 0.353125 0.4015625 0.0453125 0.053125
1 0.2953125 0.40625 0.0453125 0.0578125
1 0.25234375 0.4015625 0.03828125 0.0453125
1 0.2140625 0.4015625 0.03359375 0.0453125
1 0.16796875 0.40859375 0.0359375 0.0453125
1 0.12265625 0.415625 0.03125 0.040625