1 0.5765625 0.3171875 0.09375 0.11796875
1 0.06015625 0.29296875 0.11796875 0.16796875
1 0.4203125 0.321875 0.09140625 0.11796875
1 0.7671875 0.290625 0.10546875 0.13203125
1 0.303125 0.32421875 0.10546875 0.12265625
1 0.88203125 0.35546875 0.0796875 0.1296875
1 0.1828125 0.34375 0.1109375 0.1390625
1 0.5765625 0.0421875 0.09609375 0.084375
1 0.06015625 0.0671875 0.1203125 0.134375
1 0.421875 0.03984375 0.09375 0.0796875
1 0.76796875 0.05859375 0.1078125 0.1171875
1 0.30390625 0.03984375 0.1078125 0.0796875
1 0.88203125 0.0265625 0.08203125 0.053125
1 0.18359375 0.03515625 0.11328125 0.06953125