1 0.23828125 0.28515625 0.090625 0.10625
0 0.43984375 0.31484375 0.0625 0.0796875
0 0.0796875 0.23828125 0.115625 0.125
0 0.7046875 0.278125 0.075 0.121875
0 0.7953125 0.28828125 0.1515625 0.1734375
0 0.9109375 0.29296875 0.09375 0.125
0 0.553125 0.33828125 0.0578125 0.0671875
0 0.6421875 0.3265625 0.053125 0.06875
1 0.33671875 0.309375 0.034375 0.046875
1 0.2390625 0.05078125 0.09375 0.1015625
0 0.44140625 0.02890625 0.065625 0.0578125
0 0.0796875 0.09375 0.115625 0.125
0 0.7046875 0.0578125 0.0765625 0.115625
0 0.7953125 0.06640625 0.153125 0.1328125
0 0.91015625 0.0515625 0.0953125 0.103125
0 0.55390625 0.01484375 0.059375 0.028125
0 0.64296875 0.0203125 0.05625 0.040625
1 0.33671875 0.02265625 0.0359375 0.0453125