1 0.5671875 0.31328125 0.1 0.1234375
1 0.05625 0.31640625 0.1125 0.1734375
1 0.4109375 0.3265625 0.096875 0.121875
1 0.75625 0.2765625 0.1125 0.1375
1 0.29453125 0.334375 0.1125 0.128125
1 0.87421875 0.3359375 0.0859375 0.134375
1 0.175 0.3609375 0.11875 0.1453125
1 0.5515625 0.04140625 0.1 0.0828125
1 0.05078125 0.090625 0.1015625 0.140625
1 0.39765625 0.04453125 0.0984375 0.084375
1 0.74453125 0.053125 0.1140625 0.10625
1 0.28046875 0.05078125 0.1125 0.0859375
1 0.85625 0.01796875 0.084375 0.0359375
1 0.159375 0.05234375 0.1171875 0.075