1 0.2 0.45 0.0578125 0.0734375
1 0.553125 0.44296875 0.046875 0.06875
1 0.33046875 0.4609375 0.0546875 0.06875
1 0.13046875 0.459375 0.046875 0.0609375
1 0.0234375 0.478125 0.046875 0.078125
1 0.296875 0.4640625 0.0328125 0.05625
1 0.43828125 0.45390625 0.0453125 0.0640625
1 0.4765625 0.45234375 0.0328125 0.046875
1 0.5171875 0.4390625 0.028125 0.046875
1 0.63203125 0.4234375 0.053125 0.071875
1 0.88671875 0.43125 0.05 0.0625
1 0.83671875 0.43515625 0.0359375 0.0515625
1 0.73359375 0.434375 0.0359375 0.05
1 0.696875 0.43984375 0.0375 0.05
1 0.66796875 0.43828125 0.028125 0.05