1 0.2015625 0.43984375 0.05546875 0.071875
1 0.55546875 0.44453125 0.0453125 0.0671875
1 0.33203125 0.4546875 0.053125 0.0671875
1 0.13203125 0.446875 0.0453125 0.06015625
1 0.02421875 0.46171875 0.0453125 0.0765625
1 0.2984375 0.45703125 0.03125 0.05546875
1 0.43984375 0.4515625 0.04296875 0.0625
1 0.478125 0.4515625 0.03125 0.0453125
1 0.51953125 0.43984375 0.0265625 0.0453125
1 0.634375 0.428125 0.05078125 0.06953125
1 0.8890625 0.44453125 0.0484375 0.06015625
1 0.8390625 0.446875 0.03359375 0.05078125
1 0.7359375 0.4421875 0.03359375 0.0484375
1 0.69921875 0.446875 0.0359375 0.0484375
1 0.6703125 0.44453125 0.0265625 0.0484375