1 0.0953125 0.34921875 0.0890625 0.1078125
1 0.1828125 0.38125 0.0625 0.075
1 0.22421875 0.37890625 0.0484375 0.0640625
1 0.26484375 0.3359375 0.0921875 0.125
1 0.42734375 0.3390625 0.0703125 0.0796875
1 0.53828125 0.33203125 0.08125 0.121875
1 0.48984375 0.33671875 0.05625 0.0859375
1 0.7203125 0.27421875 0.10625 0.1265625
1 0.68359375 0.31640625 0.0390625 0.075
1 0.76484375 0.3078125 0.0546875 0.090625
1 0.815625 0.32421875 0.05 0.0671875
1 0.8859375 0.3265625 0.09375 0.1265625
1 0.94765625 0.30078125 0.0484375 0.0578125