1 0.2421875 0.28046875 0.09375 0.1078125
0 0.44296875 0.3140625 0.0640625 0.08125
0 0.084375 0.23125 0.1171875 0.1265625
0 0.70859375 0.28203125 0.0765625 0.1234375
0 0.79921875 0.29375 0.1546875 0.1765625
0 0.91484375 0.3 0.0953125 0.1265625
0 0.55625 0.3390625 0.059375 0.06875
0 0.6453125 0.32890625 0.0546875 0.0703125
1 0.33984375 0.30625 0.034375 0.046875
1 0.24609375 0.0484375 0.0953125 0.096875
0 0.45 0.02890625 0.065625 0.0578125
0 0.08671875 0.08671875 0.1171875 0.1265625
0 0.7125 0.06171875 0.078125 0.1171875
0 0.803125 0.071875 0.15625 0.1359375
0 0.91796875 0.05859375 0.096875 0.1046875
0 0.5625 0.015625 0.0609375 0.0296875
0 0.6515625 0.02265625 0.05625 0.0421875
1 0.3453125 0.02109375 0.0375 0.0421875