1 0.15078125 0.7359375 0.065625 0.053125
1 0.28828125 0.65078125 0.06875 0.078125
1 0.69296875 0.58203125 0.0515625 0.053125
1 0.9796875 0.528125 0.040625 0.078125
1 0.25078125 0.31015625 0.05 0.059375
1 0.465625 0.28046875 0.04375 0.046875
1 0.5375 0.30859375 0.0421875 0.0484375
1 0.703125 0.384375 0.03125 0.0328125
1 0.66015625 0.4359375 0.034375 0.0375
0 0.3578125 0.21875 0.0640625 0.065625
1 0.2171875 0.096875 0.05 0.059375
1 0.43046875 0.05859375 0.04375 0.046875
1 0.490625 0.01796875 0.04375 0.0359375
0 0.34765625 0.15234375 0.0640625 0.065625