1 0.09921875 0.63046875 0.065625 0.05
1 0.2546875 0.58671875 0.065625 0.0765625
1 0.66328125 0.63203125 0.05 0.0515625
1 0.959375 0.6609375 0.0515625 0.078125
1 0.3125 0.2484375 0.0484375 0.0578125
1 0.52734375 0.2796875 0.0421875 0.0453125
1 0.5890625 0.3265625 0.040625 0.0484375
1 0.72734375 0.4453125 0.0296875 0.03125
1 0.67109375 0.4828125 0.0328125 0.0375
0 0.44140625 0.190625 0.0625 0.0640625
1 0.0625 0.93046875 0.065625 0.0359375
1 0.3390625 0.034375 0.0484375 0.0578125
1 0.5546875 0.05625 0.0421875 0.0453125
1 0.625 0.03125 0.0421875 0.0421875
0 0.44921875 0.12421875 0.0625 0.0640625