1 0.11796875 0.678125 0.06015625 0.04375
1 0.2671875 0.615625 0.0578125 0.06953125
1 0.678125 0.6109375 0.0453125 0.04609375
1 0.97578125 0.60390625 0.04296875 0.07265625
1 0.28359375 0.2734375 0.04296875 0.053125
1 0.5 0.278125 0.03828125 0.040625
1 0.5671875 0.3171875 0.0359375 0.04375
1 0.71875 0.41796875 0.0265625 0.02890625
1 0.66796875 0.46171875 0.02890625 0.03359375
0 0.40390625 0.2 0.05546875 0.0578125
1 0.11796875 0.98046875 0.0625 0.02890625
1 0.28359375 0.0578125 0.04296875 0.053125
1 0.5 0.053125 0.03828125 0.040625
1 0.5671875 0.01953125 0.03828125 0.03828125
0 0.40390625 0.1328125 0.05546875 0.0578125