0 0.8796875 0.3484375 0.1109375 0.1421875
0 0.38671875 0.384375 0.0890625 0.10625
0 0.615625 0.36015625 0.09375 0.13046875
0 0.21171875 0.36484375 0.1078125 0.14921875
0 0.72578125 0.34375 0.07421875 0.11328125
0 0.10078125 0.38203125 0.103125 0.125
0 0.8796875 0.0984375 0.1109375 0.1421875
0 0.38671875 0.0625 0.0890625 0.10625
0 0.615625 0.08671875 0.09375 0.13046875
0 0.21171875 0.08203125 0.1078125 0.14921875
0 0.72578125 0.10390625 0.07421875 0.11328125
0 0.10078125 0.06484375 0.103125 0.125