1 0.0984375 0.3171875 0.0578125 0.06484375
0 0.7671875 0.2953125 0.071875 0.09375
0 0.1703125 0.28828125 0.0625 0.06953125
0 0.42578125 0.26171875 0.07421875 0.09609375
0 0.90625 0.2671875 0.06015625 0.0796875
0 0.56484375 0.30078125 0.0578125 0.0796875
0 0.66328125 0.3296875 0.05546875 0.071875
0 0.31953125 0.321875 0.0578125 0.0765625
1 0.28125 0.32421875 0.02890625 0.0453125
0 0.5265625 0.3171875 0.03359375 0.0578125
0 0.9515625 0.30546875 0.0578125 0.0671875
0 0.3796875 0.31015625 0.04296875 0.0578125
1 0.1 0.02890625 0.06015625 0.0578125
0 0.76796875 0.046875 0.07421875 0.09375
0 0.1703125 0.053125 0.0625 0.06953125
0 0.42578125 0.0796875 0.07421875 0.09609375
0 0.90625 0.07421875 0.06015625 0.0796875
0 0.56484375 0.040625 0.0578125 0.0796875
0 0.66328125 0.025 0.0578125 0.05
0 0.3203125 0.0296875 0.059375 0.059375
1 0.2828125 0.0203125 0.03125 0.040625
0 0.52734375 0.02734375 0.0359375 0.0546875
0 0.9515625 0.0359375 0.0578125 0.0671875
0 0.3796875 0.03125 0.04296875 0.0578125