1 0.4453125 0.44609375 0.0640625 0.0828125
1 0.928125 0.55625 0.0703125 0.06875
1 0.1453125 0.4328125 0.0484375 0.05
1 0.5578125 0.459375 0.0609375 0.05625
1 0.75625 0.48203125 0.03125 0.034375
1 0.73203125 0.43671875 0.0234375 0.0234375
1 0.32109375 0.42109375 0.053125 0.0515625
1 0.265625 0.4609375 0.0453125 0.0578125
1 0.4109375 0.44921875 0.028125 0.0421875
1 0.6109375 0.44765625 0.0328125 0.0359375
1 0.3890625 0.4140625 0.0234375 0.0296875
1 0.5109375 0.42578125 0.0234375 0.0203125
0 0.0828125 0.43203125 0.0515625 0.0671875
0 0.62421875 0.4703125 0.0453125 0.0546875
0 0.49765625 0.44921875 0.03125 0.034375
0 0.7984375 0.44296875 0.015625 0.0203125
1 0.66796875 0.41953125 0.01875 0.025
1 0.63828125 0.38671875 0.0234375 0.025