1 0.4515625 0.43984375 0.0734375 0.0890625
1 0.91796875 0.6078125 0.078125 0.075
1 0.15625 0.38984375 0.053125 0.05625
1 0.5625 0.46640625 0.065625 0.0625
1 0.75625 0.51328125 0.034375 0.0375
1 0.7375 0.465625 0.025 0.025
1 0.33203125 0.4 0.0578125 0.05625
1 0.271875 0.4328125 0.0515625 0.0625
1 0.41796875 0.4390625 0.0328125 0.0453125
1 0.61640625 0.46171875 0.0359375 0.0390625
1 0.4 0.4015625 0.0265625 0.0328125
1 0.5203125 0.42734375 0.025 0.0234375
0 0.09375 0.38125 0.059375 0.071875
0 0.62734375 0.4859375 0.0515625 0.059375
0 0.50390625 0.44921875 0.034375 0.0375
0 0.803125 0.4796875 0.0171875 0.021875
1 0.6765625 0.440625 0.021875 0.0265625
1 0.65078125 0.4046875 0.025 0.028125