1 0.4421875 0.44921875 0.06015625 0.0796875
1 0.93046875 0.53359375 0.0671875 0.06484375
1 0.1421875 0.4515625 0.0453125 0.0484375
1 0.55546875 0.45625 0.0578125 0.053125
1 0.7546875 0.46875 0.02890625 0.03359375
1 0.728125 0.425 0.021875 0.021875
1 0.3171875 0.43046875 0.05078125 0.0484375
1 0.2640625 0.4734375 0.04296875 0.05546875
1 0.40859375 0.45390625 0.0265625 0.040625
1 0.6078125 0.4421875 0.03125 0.03359375
1 0.384375 0.4203125 0.021875 0.02890625
1 0.50703125 0.425 0.021875 0.01953125
0 0.0796875 0.45390625 0.0484375 0.06484375
0 0.62265625 0.4640625 0.04296875 0.053125
0 0.4953125 0.44921875 0.02890625 0.03359375
0 0.7953125 0.42734375 0.0140625 0.01953125
1 0.66328125 0.4109375 0.0171875 0.02421875
1 0.63203125 0.3796875 0.021875 0.02421875