0 0.2328125 0.38203125 0.06015625 0.0890625
0 0.5171875 0.38203125 0.0578125 0.06953125
0 0.3484375 0.43984375 0.1203125 0.13671875
0 0.86328125 0.44453125 0.10546875 0.1078125
0 0.65859375 0.37265625 0.0453125 0.06015625
0 0.27421875 0.64453125 0.19453125 0.209375
0 0.821875 0.56484375 0.18984375 0.196875
0 0.9828125 0.40625 0.02421875 0.05546875
0 0.70703125 0.384375 0.0484375 0.06953125
0 0.48046875 0.37265625 0.03828125 0.06484375
0 0.28125 0.38671875 0.0484375 0.06953125
0 0.27421875 0.953125 0.196875 0.0890625