1 0.89140625 0.40390625 0.0875 0.0984375
1 0.290625 0.28046875 0.096875 0.1078125
1 0.58125 0.359375 0.06875 0.08125
1 0.74296875 0.39765625 0.0671875 0.075
1 0.43515625 0.31796875 0.0640625 0.0828125
1 0.4796875 0.33671875 0.0515625 0.06875
1 0.8078125 0.403125 0.053125 0.065625
1 0.534375 0.36171875 0.0515625 0.06875
1 0.640625 0.3703125 0.0578125 0.065625
1 0.95 0.1015625 0.0828125 0.059375
1 0.3453125 0.0109375 0.090625 0.021875
1 0.64453125 0.03046875 0.0609375 0.034375
1 0.4953125 0.01484375 0.059375 0.0296875
1 0.54375 0.0125 0.046875 0.025
1 0.8734375 0.071875 0.0484375 0.025
1 0.70546875 0.0390625 0.053125 0.0265625