1 0.865625 0.33125 0.071875 0.08671875
1 0.25234375 0.32421875 0.0796875 0.09375
1 0.553125 0.34609375 0.05546875 0.07265625
1 0.71875 0.353125 0.05546875 0.06484375
1 0.4015625 0.33359375 0.05078125 0.075
1 0.44921875 0.34375 0.040625 0.0625
1 0.78359375 0.34609375 0.04296875 0.0578125
1 0.50703125 0.3578125 0.040625 0.0625
1 0.61328125 0.34609375 0.0484375 0.0578125
1 0.865625 0.02265625 0.075 0.0453125
1 0.2515625 0.02734375 0.08125 0.0546875
1 0.55234375 0.01171875 0.0578125 0.0234375
1 0.4015625 0.01796875 0.053125 0.0359375
1 0.44921875 0.0109375 0.04296875 0.021875
1 0.78515625 0.00859375 0.0453125 0.0171875
1 0.6140625 0.00859375 0.05078125 0.0171875