1 0.89453125 0.41796875 0.0890625 0.1
1 0.2984375 0.27265625 0.0984375 0.109375
1 0.58671875 0.36171875 0.0703125 0.0828125
1 0.74609375 0.40625 0.06875 0.075
1 0.44140625 0.315625 0.065625 0.084375
1 0.4859375 0.33671875 0.053125 0.0703125
1 0.8109375 0.4140625 0.0546875 0.065625
1 0.5390625 0.36328125 0.053125 0.0703125
1 0.6453125 0.37578125 0.0609375 0.0671875
1 0.9609375 0.11640625 0.078125 0.0609375
1 0.36328125 0.009375 0.0921875 0.01875
1 0.6609375 0.0359375 0.0609375 0.0359375
1 0.5125 0.015625 0.059375 0.03125
1 0.559375 0.01328125 0.046875 0.0265625
1 0.88828125 0.08515625 0.0484375 0.0265625
1 0.721875 0.046875 0.053125 0.028125