1 0.07265625 0.38984375 0.06875 0.0734375
0 0.72734375 0.25234375 0.0875 0.1046875
0 0.13828125 0.3484375 0.0734375 0.0796875
0 0.38515625 0.278125 0.0890625 0.1078125
0 0.859375 0.2 0.0734375 0.0890625
0 0.52890625 0.2921875 0.0703125 0.0890625
0 0.63125 0.30390625 0.0671875 0.0796875
0 0.29140625 0.35625 0.0703125 0.0859375
1 0.25390625 0.36484375 0.0359375 0.05
0 0.49453125 0.315625 0.04375 0.0625
0 0.9109375 0.2296875 0.06875 0.0765625
0 0.3484375 0.33359375 0.053125 0.0640625
1 0.02890625 0.10546875 0.0578125 0.0671875
0 0.68515625 0.0296875 0.0890625 0.059375
0 0.09765625 0.1171875 0.0734375 0.0796875
0 0.35390625 0.09921875 0.0890625 0.1078125
0 0.82578125 0.02734375 0.0734375 0.0546875
0 0.48359375 0.040625 0.0703125 0.08125
0 0.578125 0.01640625 0.065625 0.0328125
0 0.24140625 0.06796875 0.06875 0.06875
1 0.203125 0.065625 0.0375 0.0453125
0 0.44453125 0.0296875 0.0453125 0.059375
0 0.3 0.059375 0.053125 0.0640625