1 0.08125 0.36015625 0.0640625 0.0703125
0 0.74453125 0.26875 0.08125 0.1
0 0.15 0.32421875 0.06875 0.075
0 0.4015625 0.27109375 0.084375 0.103125
0 0.8796875 0.22578125 0.06875 0.0859375
0 0.54375 0.2953125 0.065625 0.0859375
0 0.64453125 0.31328125 0.0625 0.0765625
0 0.3015625 0.34140625 0.065625 0.0828125
1 0.2640625 0.3484375 0.0328125 0.0484375
0 0.50703125 0.315625 0.0390625 0.0609375
0 0.92890625 0.259375 0.0640625 0.0734375
0 0.36015625 0.3234375 0.0484375 0.0625
1 0.053125 0.0734375 0.065625 0.0640625
0 0.71875 0.0359375 0.084375 0.071875
0 0.12578125 0.08984375 0.06875 0.075
0 0.38203125 0.08984375 0.084375 0.103125
0 0.859375 0.03828125 0.06875 0.0765625
0 0.515625 0.03984375 0.065625 0.0796875
0 0.6125 0.01875 0.0625 0.0375
0 0.271875 0.05078125 0.065625 0.065625
1 0.23359375 0.0453125 0.0359375 0.04375
0 0.47734375 0.028125 0.0421875 0.05625
0 0.90078125 0.0140625 0.0640625 0.028125
0 0.33125 0.04609375 0.0484375 0.0625