1 0.40390625 0.38203125 0.0578125 0.08203125
1 0.96875 0.39375 0.053125 0.08203125
1 0.79296875 0.38203125 0.05078125 0.075
1 0.33671875 0.38671875 0.05546875 0.06953125
1 0.740625 0.4015625 0.0453125 0.07265625
1 0.15390625 0.65390625 0.07421875 0.07265625
0 0.16796875 0.3796875 0.06953125 0.0796875
0 0.6609375 0.39609375 0.0484375 0.06953125
1 0.490625 0.40625 0.05546875 0.075
1 0.61328125 0.39609375 0.040625 0.06953125
0 0.53359375 0.4015625 0.04296875 0.0578125
1 0.15390625 0.98515625 0.0765625 0.01953125