0 0.140625 0.42109375 0.0765625 0.0703125
0 0.409375 0.37578125 0.0671875 0.0734375
0 0.3328125 0.446875 0.121875 0.1109375
0 0.265625 0.3859375 0.071875 0.0640625
0 0.6734375 0.35703125 0.0640625 0.06875
0 0.06171875 0.5015625 0.1234375 0.1296875
0 0.80234375 0.37265625 0.0640625 0.071875
0 0.54609375 0.36328125 0.0703125 0.0734375
0 0.63125 0.45 0.134375 0.1171875
0 0.03828125 0.4359375 0.0765625 0.0875
0 0.9546875 0.35234375 0.0609375 0.08125
0 0.83984375 0.33125 0.046875 0.0609375
0 0.96171875 0.41484375 0.06875 0.1203125