0 0.8609375 0.37734375 0.0796875 0.08671875
0 0.46171875 0.415625 0.0671875 0.09140625
0 0.24296875 0.40625 0.0765625 0.103125
0 0.03359375 0.46875 0.06015625 0.0890625
0 0.1828125 0.39921875 0.06484375 0.08203125
0 0.74765625 0.3609375 0.09609375 0.1109375
0 0.55546875 0.40625 0.09375 0.1109375
0 0.93984375 0.40390625 0.05546875 0.0671875
0 0.7015625 0.3890625 0.06015625 0.09609375
0 0.3484375 0.3890625 0.0890625 0.11328125
0 0.0796875 0.4328125 0.0453125 0.084375
0 0.8609375 0.05546875 0.0796875 0.08671875
0 0.4625 0.0328125 0.06953125 0.06484375
0 0.24375 0.03984375 0.0796875 0.0796875
0 0.1828125 0.03828125 0.0671875 0.0765625
0 0.74765625 0.071875 0.09609375 0.1109375
0 0.55546875 0.0421875 0.09609375 0.084375
0 0.93984375 0.0328125 0.0578125 0.06484375
0 0.7015625 0.046875 0.0625 0.09375
0 0.3484375 0.05078125 0.09140625 0.10078125
0 0.0796875 0.021875 0.0484375 0.04296875