0 0.159375 0.471875 0.0546875 0.0609375
0 0.2328125 0.4859375 0.0484375 0.053125
0 0.2890625 0.478125 0.040625 0.0484375
0 0.3640625 0.48359375 0.0375 0.053125
0 0.44140625 0.47421875 0.04375 0.0484375
0 0.50625 0.51015625 0.0390625 0.0484375
0 0.56484375 0.49765625 0.0359375 0.0453125
0 0.884375 0.51484375 0.0390625 0.0484375
0 0.784375 0.4953125 0.0390625 0.0453125
0 0.8234375 0.52265625 0.0453125 0.0484375
0 0.75078125 0.52734375 0.0390625 0.040625
0 0.60859375 0.49375 0.0359375 0.0453125
0 0.65390625 0.5109375 0.040625 0.0484375
0 0.70078125 0.51875 0.0359375 0.0453125