0 0.8796875 0.46796875 0.0984375 0.103125
0 0.48359375 0.40859375 0.0875 0.1046875
0 0.2734375 0.346875 0.1 0.11875
0 0.0546875 0.35703125 0.0796875 0.1015625
0 0.21640625 0.32578125 0.0828125 0.0953125
0 0.77421875 0.425 0.1203125 0.13125
0 0.5765625 0.42265625 0.1171875 0.1296875
0 0.95 0.51328125 0.0703125 0.078125
0 0.72265625 0.44140625 0.08125 0.1078125
0 0.3796875 0.35546875 0.1140625 0.13125
0 0.10859375 0.3328125 0.0640625 0.0921875
0 0.95390625 0.15625 0.0921875 0.103125
0 0.57578125 0.03828125 0.0828125 0.0765625
0 0.3625 0.01953125 0.096875 0.0390625
0 0.303125 0.01015625 0.084375 0.0203125
0 0.84375 0.14453125 0.1203125 0.13125
0 0.66484375 0.06953125 0.1140625 0.1046875
0 0.80546875 0.109375 0.0828125 0.10625
0 0.4609375 0.04375 0.1125 0.0875