0 0.146875 0.39609375 0.071875 0.06484375
0 0.41796875 0.36953125 0.0625 0.06953125
0 0.33671875 0.43515625 0.115625 0.10390625
0 0.27421875 0.36953125 0.0671875 0.06015625
0 0.6828125 0.36953125 0.06015625 0.06484375
0 0.0625 0.47109375 0.115625 0.12265625
0 0.81015625 0.39375 0.06015625 0.0671875
0 0.55546875 0.3671875 0.06484375 0.06953125
0 0.634375 0.459375 0.12734375 0.10859375
0 0.040625 0.40390625 0.0765625 0.08203125
0 0.9640625 0.384375 0.05546875 0.07734375
0 0.85078125 0.35546875 0.04296875 0.0578125
0 0.96640625 0.446875 0.06015625 0.115625