0 0.1453125 0.40234375 0.0734375 0.065625
0 0.415625 0.37109375 0.0640625 0.0703125
0 0.3359375 0.43828125 0.1171875 0.10625
0 0.271875 0.3734375 0.06875 0.0609375
0 0.68046875 0.36640625 0.0609375 0.065625
0 0.06171875 0.47890625 0.1171875 0.125
0 0.80859375 0.38828125 0.0609375 0.06875
0 0.553125 0.36640625 0.065625 0.0703125
0 0.63359375 0.45703125 0.1296875 0.1109375
0 0.0390625 0.41171875 0.078125 0.0828125
0 0.96171875 0.3765625 0.05625 0.078125
0 0.8484375 0.34921875 0.04375 0.0578125
0 0.965625 0.4390625 0.0625 0.1171875