0 0.15859375 0.4953125 0.05078125 0.0578125
0 0.2328125 0.5046875 0.0453125 0.05078125
0 0.28828125 0.49296875 0.03828125 0.0453125
0 0.36328125 0.49296875 0.03359375 0.05078125
0 0.43984375 0.478125 0.040625 0.0453125
0 0.50703125 0.509375 0.0359375 0.0453125
0 0.56484375 0.49296875 0.03359375 0.04296875
0 0.884375 0.48828125 0.0359375 0.0453125
0 0.78359375 0.47578125 0.0359375 0.04296875
0 0.82421875 0.5 0.04296875 0.0453125
0 0.75234375 0.509375 0.0359375 0.03828125
0 0.6078125 0.4859375 0.03359375 0.04296875
0 0.65390625 0.5 0.03828125 0.0453125
0 0.7015625 0.5046875 0.03359375 0.04296875