0 0.16328125 0.4421875 0.059375 0.065625
0 0.23515625 0.4625 0.053125 0.0578125
0 0.2921875 0.46015625 0.0453125 0.05
0 0.36640625 0.471875 0.040625 0.0546875
0 0.44375 0.46875 0.046875 0.0515625
0 0.50546875 0.51015625 0.0421875 0.05
0 0.56484375 0.503125 0.040625 0.0484375
0 0.88125 0.5484375 0.0421875 0.05
0 0.78359375 0.5203125 0.0421875 0.0484375
0 0.8203125 0.55078125 0.05 0.0515625
0 0.74765625 0.5484375 0.0421875 0.04375
0 0.60859375 0.503125 0.040625 0.0484375
0 0.65234375 0.52421875 0.0453125 0.05
0 0.6984375 0.5359375 0.040625 0.0484375