0 0.69921875 0.24296875 0.090625 0.090625
0 0.559375 0.28046875 0.084375 0.1046875
0 0.86875 0.253125 0.1140625 0.1359375
0 0.48203125 0.303125 0.0671875 0.0796875
0 0.81953125 0.25078125 0.078125 0.1125
0 0.7015625 0.328125 0.0984375 0.121875
0 0.4109375 0.33046875 0.0625 0.0734375
0 0.3265625 0.3375 0.0671875 0.065625
0 0.1546875 0.37109375 0.046875 0.0703125
0 0.2484375 0.36484375 0.053125 0.0703125
0 0.0328125 0.37109375 0.05625 0.0640625
0 0.07890625 0.39140625 0.0421875 0.053125
0 0.1296875 0.36953125 0.0359375 0.059375
0 0.54375 0.33046875 0.0515625 0.0671875
0 0.61328125 0.28203125 0.053125 0.0828125
0 0.66875 0.0375 0.090625 0.075
0 0.52578125 0.04453125 0.0859375 0.0890625
0 0.83125 0.02109375 0.1125 0.0421875
0 0.4453125 0.03671875 0.06875 0.0734375
0 0.7828125 0.0234375 0.078125 0.046875
0 0.653125 0.00546875 0.090625 0.0109375
0 0.3703125 0.0375 0.0609375 0.05625
0 0.2859375 0.05 0.06875 0.05625
0 0.11328125 0.0703125 0.0453125 0.0453125
0 0.2046875 0.05390625 0.053125 0.040625
0 0.01171875 0.09296875 0.0234375 0.0609375
0 0.03359375 0.07265625 0.0421875 0.028125
0 0.0890625 0.0734375 0.0359375 0.0453125
0 0.49921875 0.0125 0.0484375 0.025
0 0.57734375 0.0296875 0.0546875 0.059375