0 0.76796875 0.26875 0.08125 0.09375
0 0.28984375 0.3140625 0.078125 0.09375
0 0.5984375 0.2859375 0.078125 0.0859375
0 0.109375 0.3515625 0.0921875 0.1046875
0 0.46875 0.29296875 0.0640625 0.075
0 0.88984375 0.253125 0.1296875 0.1359375
0 0.84453125 0.23828125 0.0828125 0.1078125
0 0.4 0.33359375 0.0578125 0.0671875
0 0.740625 0.03125 0.08125 0.0625
0 0.2640625 0.07109375 0.078125 0.09375
0 0.571875 0.03828125 0.078125 0.0765625
0 0.0828125 0.08125 0.0921875 0.0875
0 0.44375 0.05390625 0.0640625 0.075
0 0.8640625 0.03828125 0.13125 0.0765625
0 0.82265625 0.04140625 0.0828125 0.0828125
0 0.36796875 0.0359375 0.0578125 0.0546875