1 0.56484375 0.28046875 0.09609375 0.125
1 0.81953125 0.29765625 0.10546875 0.1421875
1 0.50703125 0.36484375 0.10546875 0.13046875
1 0.365625 0.33359375 0.103125 0.13515625
1 0.6734375 0.353125 0.1078125 0.125
1 0.228125 0.29296875 0.09375 0.12734375
1 0.56640625 0.0578125 0.0984375 0.115625
1 0.82109375 0.053125 0.1078125 0.10625
1 0.50859375 0.0171875 0.1078125 0.03359375
1 0.365625 0.03359375 0.10546875 0.0671875
1 0.6734375 0.021875 0.1109375 0.04375
1 0.22734375 0.0515625 0.0953125 0.103125