1 0.11484375 0.8078125 0.175 0.1140625
0 0.1 0.2859375 0.090625 0.090625
0 0.7921875 0.25703125 0.08125 0.096875
0 0.65546875 0.28359375 0.0953125 0.1046875
0 0.421875 0.284375 0.08125 0.1015625
0 0.8328125 0.34453125 0.09375 0.1078125
0 0.2875 0.25546875 0.0953125 0.121875
0 0.18984375 0.35234375 0.1421875 0.1515625
0 0.54921875 0.4671875 0.1078125 0.1515625
1 0.1125 0.928125 0.175 0.1140625
0 0.796875 0.0296875 0.0828125 0.05
0 0.66015625 0.01328125 0.096875 0.0234375
0 0.2921875 0.025 0.096875 0.05