1 0.7328125 0.3296875 0.08671875 0.09609375
1 0.8171875 0.37734375 0.09375 0.1078125
1 0.39453125 0.384375 0.0671875 0.0796875
1 0.19453125 0.4328125 0.071875 0.06953125
1 0.03125 0.30078125 0.05546875 0.06953125
1 0.21875 0.32421875 0.053125 0.09375
1 0.40390625 0.24765625 0.0484375 0.0625
1 0.18984375 0.196875 0.0484375 0.05078125
1 0.3390625 0.209375 0.0484375 0.05546875
1 0.64921875 0.4953125 0.084375 0.07421875
1 0.734375 0.0265625 0.0890625 0.053125
1 0.03125 0.03359375 0.0578125 0.0671875
1 0.21953125 0.02734375 0.0546875 0.0546875
1 0.40390625 0.084375 0.0484375 0.0625
1 0.18984375 0.134375 0.0484375 0.05078125
1 0.3390625 0.12265625 0.0484375 0.05546875