1 0.8140625 0.54453125 0.0640625 0.078125
1 0.58984375 0.46171875 0.0625 0.078125
0 0.92578125 0.58203125 0.125 0.14375
0 0.3 0.41171875 0.0671875 0.0796875
0 0.48984375 0.4625 0.0703125 0.0796875
0 0.35703125 0.4296875 0.040625 0.0453125
0 0.0921875 0.3765625 0.0671875 0.0671875
1 0.1953125 0.39296875 0.046875 0.0484375
1 0.646875 0.5 0.0375 0.05
1 0.66953125 0.5078125 0.0359375 0.046875
1 0.62421875 0.49375 0.03125 0.0453125
0 0.53984375 0.4734375 0.0328125 0.05
0 0.45078125 0.4421875 0.0390625 0.0421875
0 0.39609375 0.44921875 0.0359375 0.040625