0 0.83125 0.37421875 0.090625 0.1015625
0 0.365625 0.253125 0.0890625 0.1015625
0 0.665625 0.3328125 0.0875 0.09375
0 0.18359375 0.22734375 0.103125 0.1125
0 0.54140625 0.29453125 0.0734375 0.08125
0 0.9390625 0.4015625 0.121875 0.15
0 0.91328125 0.371875 0.09375 0.115625
0 0.46328125 0.309375 0.0640625 0.0734375
0 0.8921875 0.12734375 0.090625 0.1015625
0 0.42421875 0.0328125 0.0890625 0.065625
0 0.72734375 0.08671875 0.0875 0.09375
0 0.59921875 0.06171875 0.0734375 0.08125
0 0.96796875 0.16875 0.0640625 0.1375
0 0.95859375 0.1671875 0.0828125 0.115625
0 0.53359375 0.02421875 0.0640625 0.0484375