0 0.88046875 0.2296875 0.08125 0.09375
0 0.609375 0.296875 0.09375 0.1140625
0 0.796875 0.2328125 0.109375 0.1234375
0 0.23671875 0.359375 0.1125 0.1296875
0 0.73671875 0.28515625 0.078125 0.090625
0 0.41640625 0.3234375 0.0984375 0.1265625
0 0.54921875 0.3046875 0.075 0.1078125
0 0.67578125 0.2984375 0.06875 0.0890625
0 0.03671875 0.37734375 0.0734375 0.1203125
0 0.83125 0.02578125 0.08125 0.0515625
0 0.5578125 0.0546875 0.09375 0.109375
0 0.7546875 0.0484375 0.109375 0.096875
0 0.1921875 0.14765625 0.1125 0.1296875
0 0.678125 0.02890625 0.078125 0.0578125
0 0.3703125 0.1078125 0.0984375 0.1265625
0 0.5 0.0703125 0.075 0.1078125
0 0.6171875 0.034375 0.06875 0.06875
0 0.0203125 0.21796875 0.040625 0.1203125