1 0.49296875 0.415625 0.0765625 0.10390625
1 0.92578125 0.4375 0.09375 0.125
1 0.43984375 0.43046875 0.0578125 0.08203125
1 0.09140625 0.425 0.09140625 0.10859375
1 0.240625 0.40625 0.0671875 0.0890625
1 0.72109375 0.41796875 0.08203125 0.115625
1 0.53359375 0.4015625 0.06953125 0.09140625
1 0.18046875 0.4328125 0.0578125 0.06953125
1 0.0453125 0.446875 0.05078125 0.09140625
1 0.3078125 0.4328125 0.03125 0.05546875
1 0.35078125 0.43046875 0.0484375 0.06953125
0 0.771875 0.4515625 0.0625 0.07734375