0 0.95546875 0.4 0.0796875 0.0921875
0 0.6796875 0.35625 0.0921875 0.1125
0 0.878125 0.3703125 0.1078125 0.1234375
0 0.3125 0.26796875 0.1109375 0.128125
0 0.80234375 0.39453125 0.0765625 0.090625
0 0.49140625 0.3046875 0.096875 0.1265625
0 0.621875 0.33984375 0.0734375 0.1078125
0 0.740625 0.3828125 0.0671875 0.0890625
0 0.11015625 0.2015625 0.0984375 0.11875
0 0.9796875 0.17265625 0.040625 0.0921875
0 0.72734375 0.11015625 0.0921875 0.1125
0 0.91640625 0.171875 0.1078125 0.1234375
0 0.35390625 0.059375 0.1109375 0.11875
0 0.85546875 0.12109375 0.0765625 0.090625
0 0.53359375 0.08828125 0.096875 0.1265625
0 0.66796875 0.1046875 0.0734375 0.1078125
0 0.79375 0.109375 0.0671875 0.0890625
0 0.14140625 0.05 0.0984375 0.1