1 0.7359375 0.33359375 0.0890625 0.096875
1 0.81953125 0.3828125 0.0953125 0.109375
1 0.396875 0.3828125 0.06875 0.08125
1 0.19609375 0.42734375 0.0734375 0.0703125
1 0.03515625 0.29296875 0.05625 0.0703125
1 0.221875 0.31953125 0.0546875 0.0953125
1 0.40859375 0.24609375 0.05 0.0640625
1 0.1953125 0.19140625 0.05 0.0515625
1 0.34453125 0.20625 0.05 0.05625
1 0.64921875 0.49765625 0.0859375 0.075
1 0.74296875 0.03046875 0.090625 0.0546875
1 0.0390625 0.0296875 0.059375 0.059375
1 0.228125 0.025 0.05625 0.05
1 0.4109375 0.0828125 0.05 0.0640625
1 0.19609375 0.12890625 0.05 0.0515625
1 0.3453125 0.11953125 0.05 0.05625