0 0.775 0.3265625 0.09375 0.09375
0 0.63046875 0.3140625 0.090625 0.109375
0 0.93046875 0.39453125 0.121875 0.140625
0 0.55 0.30859375 0.071875 0.0828125
0 0.88515625 0.375 0.084375 0.115625
0 0.7484375 0.40703125 0.10625 0.1265625
0 0.47421875 0.31015625 0.065625 0.0765625
0 0.3921875 0.2875 0.0703125 0.06875
0 0.21953125 0.2609375 0.0515625 0.071875
0 0.309375 0.28671875 0.0578125 0.0734375
0 0.10546875 0.21875 0.059375 0.0671875
0 0.1421875 0.25390625 0.0453125 0.0546875
0 0.196875 0.25078125 0.0390625 0.0609375
0 0.59921875 0.35546875 0.0546875 0.0703125
0 0.68046875 0.33359375 0.0578125 0.084375
0 0.81953125 0.115625 0.09375 0.09375
0 0.68203125 0.075 0.0921875 0.1046875
0 0.96328125 0.1359375 0.0734375 0.10625
0 0.6078125 0.04609375 0.0734375 0.078125
0 0.93828125 0.1265625 0.084375 0.0984375
0 0.81953125 0.07265625 0.090625 0.0484375
0 0.53515625 0.025 0.0640625 0.05
0 0.453125 0.0171875 0.071875 0.034375
0 0.66875 0.03828125 0.05 0.0359375
0 0.73671875 0.07578125 0.059375 0.0796875