1 0.81484375 0.46171875 0.0484375 0.0671875
1 0.5765625 0.43984375 0.0453125 0.06953125
0 0.9328125 0.46875 0.09609375 0.12265625
0 0.28359375 0.46640625 0.05078125 0.06953125
0 0.48046875 0.46640625 0.05546875 0.0671875
0 0.34375 0.46875 0.03125 0.03828125
0 0.07421875 0.4859375 0.05546875 0.05546875
1 0.178125 0.47578125 0.03828125 0.040625
1 0.6421875 0.46171875 0.0265625 0.0453125
1 0.665625 0.4640625 0.0265625 0.040625
1 0.61796875 0.46171875 0.021875 0.040625
0 0.53125 0.4640625 0.021875 0.0453125
0 0.4375 0.45703125 0.03125 0.0359375
0 0.38671875 0.478125 0.02890625 0.03359375