1 0.74921875 0.3546875 0.096875 0.1046875
1 0.828125 0.4109375 0.1046875 0.1171875
1 0.40703125 0.37421875 0.075 0.0859375
1 0.203125 0.4015625 0.078125 0.0765625
1 0.0546875 0.253125 0.0625 0.075
1 0.23828125 0.29609375 0.0625 0.0984375
1 0.43046875 0.2390625 0.0546875 0.0671875
1 0.2234375 0.16640625 0.053125 0.05625
1 0.3703125 0.19453125 0.0546875 0.0609375
1 0.64921875 0.5109375 0.0921875 0.0828125
1 0.7828125 0.05390625 0.09375 0.0625
1 0.08203125 0.01171875 0.0640625 0.0234375
1 0.2703125 0.01484375 0.059375 0.0296875
1 0.44765625 0.0765625 0.0546875 0.0671875
1 0.2296875 0.10390625 0.053125 0.05625
1 0.3796875 0.1078125 0.0546875 0.0609375