1 0.81171875 0.43984375 0.053125 0.0703125
1 0.571875 0.434375 0.05 0.071875
0 0.9296875 0.43828125 0.1046875 0.1296875
0 0.28203125 0.48125 0.05625 0.0734375
0 0.478125 0.46796875 0.059375 0.0703125
0 0.3421875 0.4796875 0.034375 0.040625
0 0.07421875 0.515625 0.059375 0.059375
1 0.17734375 0.4984375 0.040625 0.04375
1 0.6390625 0.4515625 0.0296875 0.046875
1 0.6625 0.45234375 0.0296875 0.0421875
1 0.61484375 0.45390625 0.025 0.0421875
0 0.52890625 0.46171875 0.025 0.046875
0 0.434375 0.46171875 0.034375 0.0375
0 0.38515625 0.4859375 0.03125 0.0359375