1 0.90390625 0.31484375 0.0625 0.07734375
1 0.36328125 0.32421875 0.05546875 0.07734375
1 0.09140625 0.33125 0.053125 0.06953125
1 0.5171875 0.31953125 0.0484375 0.07265625
1 0.68046875 0.32421875 0.0453125 0.07265625
1 0.2140625 0.35078125 0.0578125 0.0671875
1 0.4546875 0.34375 0.03359375 0.06015625
0 0.76953125 0.33828125 0.03828125 0.0578125
1 0.71640625 0.34609375 0.03359375 0.0484375
1 0.571875 0.3359375 0.03359375 0.053125
1 0.60078125 0.34609375 0.02890625 0.04609375
1 0.63203125 0.34375 0.0359375 0.05546875
1 0.25234375 0.3359375 0.0265625 0.0578125
1 0.31015625 0.33828125 0.02890625 0.040625
1 0.9046875 0.02890625 0.06484375 0.0578125
1 0.36328125 0.02421875 0.0578125 0.0484375
1 0.0921875 0.01796875 0.05546875 0.0359375
1 0.5171875 0.025 0.05 0.05
1 0.68046875 0.02265625 0.0484375 0.0453125
1 0.21484375 0.00859375 0.06015625 0.0171875
1 0.45546875 0.009375 0.0359375 0.01875
0 0.7703125 0.01171875 0.040625 0.0234375
1 0.7171875 0.00625 0.0359375 0.01171875
1 0.57265625 0.01171875 0.0359375 0.0234375
1 0.60234375 0.0046875 0.03125 0.009375
1 0.63203125 0.00859375 0.03828125 0.0171875
1 0.25234375 0.01328125 0.02890625 0.0265625
1 0.3109375 0.00703125 0.03125 0.0140625