1 0.878125 0.2671875 0.071875 0.084375
1 0.34296875 0.3421875 0.0640625 0.0828125
1 0.07421875 0.38203125 0.0609375 0.075
1 0.4953125 0.31875 0.05625 0.078125
1 0.6578125 0.30390625 0.053125 0.078125
1 0.19765625 0.38671875 0.065625 0.0734375
1 0.4359375 0.35078125 0.040625 0.0640625
0 0.74765625 0.30625 0.0453125 0.0625
1 0.69609375 0.32109375 0.0390625 0.0515625
1 0.5515625 0.328125 0.0390625 0.05625
1 0.58125 0.33515625 0.034375 0.05
1 0.61171875 0.32890625 0.0421875 0.059375
1 0.234375 0.3671875 0.0328125 0.0609375
1 0.2921875 0.3625 0.034375 0.04375
1 0.84375 0.0078125 0.071875 0.015625
1 0.30625 0.04453125 0.0640625 0.0546875
1 0.03671875 0.07109375 0.059375 0.0421875
1 0.459375 0.02734375 0.05625 0.0546875
1 0.6203125 0.01484375 0.053125 0.0296875
1 0.15703125 0.046875 0.0625 0.025
1 0.39609375 0.01875 0.0375 0.0234375
1 0.51171875 0.01015625 0.0390625 0.0203125
1 0.5703125 0.003125 0.040625 0.00625
1 0.19453125 0.046875 0.03125 0.0296875
1 0.25234375 0.03359375 0.0328125 0.0171875