1 0.93515625 0.41015625 0.078125 0.0890625
1 0.40625 0.29765625 0.071875 0.0875
1 0.13984375 0.24375 0.0671875 0.0796875
1 0.55703125 0.328125 0.0640625 0.08125
1 0.715625 0.36953125 0.0609375 0.08125
1 0.2546875 0.290625 0.071875 0.078125
1 0.490625 0.3375 0.046875 0.065625
0 0.79921875 0.403125 0.05 0.065625
1 0.7453125 0.3984375 0.04375 0.0546875
1 0.60703125 0.35625 0.0453125 0.059375
1 0.6328125 0.37265625 0.0390625 0.0515625
1 0.6640625 0.37734375 0.046875 0.0625
1 0.2953125 0.284375 0.0390625 0.0625
1 0.3515625 0.3 0.0375 0.0453125
1 0.98046875 0.13203125 0.0390625 0.0703125
1 0.47265625 0.01796875 0.0671875 0.0359375
1 0.6234375 0.04140625 0.059375 0.059375
1 0.78359375 0.07578125 0.0578125 0.0546875
1 0.56640625 0.0125 0.0390625 0.025
0 0.8734375 0.08515625 0.0453125 0.03125
1 0.82265625 0.06796875 0.0375 0.01875
1 0.68046875 0.040625 0.040625 0.03125
1 0.7109375 0.040625 0.0328125 0.015625
1 0.7390625 0.05078125 0.040625 0.025