0 0.08515625 0.4484375 0.09375 0.1
0 0.17421875 0.47421875 0.0921875 0.0921875
0 0.33671875 0.53984375 0.115625 0.1234375
0 0.7140625 0.59765625 0.13125 0.1328125
0 0.86796875 0.5421875 0.0640625 0.0671875
0 0.9234375 0.528125 0.0640625 0.075
0 0.20703125 0.40546875 0.0625 0.0609375
0 0.81640625 0.54453125 0.075 0.0859375
0 0.040625 0.41796875 0.0671875 0.0765625
0 0.32421875 0.41953125 0.053125 0.065625
0 0.415625 0.42734375 0.0515625 0.05625
0 0.48984375 0.43046875 0.0359375 0.0453125
0 0.51171875 0.41640625 0.028125 0.0359375
0 0.55234375 0.4375 0.0375 0.05
0 0.6890625 0.45078125 0.0390625 0.0421875
0 0.82421875 0.48984375 0.040625 0.0375
0 0.76875 0.46953125 0.0515625 0.0515625