0 0.4640625 0.309375 0.0671875 0.084375
0 0.303125 0.30703125 0.071875 0.09140625
0 0.69453125 0.30234375 0.071875 0.084375
0 0.1734375 0.29765625 0.0796875 0.09375
0 0.10078125 0.33125 0.06484375 0.075
0 0.865625 0.31171875 0.0578125 0.084375
0 0.84140625 0.3046875 0.05078125 0.0796875
0 0.375 0.34375 0.0453125 0.075
0 0.22109375 0.3484375 0.0359375 0.040625
0 0.43046875 0.33828125 0.03359375 0.0578125
0 0.5890625 0.3046875 0.053125 0.07265625
0 0.634375 0.309375 0.04296875 0.0578125
0 0.7953125 0.32421875 0.03359375 0.0484375
0 0.05546875 0.340625 0.03359375 0.06953125
0 0.46484375 0.0328125 0.06953125 0.06484375
0 0.303125 0.0359375 0.075 0.071875
0 0.6953125 0.0359375 0.075 0.071875
0 0.17265625 0.040625 0.0828125 0.08125
0 0.10078125 0.01953125 0.0671875 0.03828125
0 0.86640625 0.03125 0.06015625 0.0625
0 0.84140625 0.03359375 0.053125 0.0671875
0 0.375 0.01328125 0.0484375 0.0265625
0 0.43046875 0.01171875 0.0359375 0.0234375
0 0.58984375 0.0328125 0.05546875 0.06484375
0 0.6359375 0.0265625 0.0453125 0.053125
0 0.796875 0.0171875 0.0359375 0.03359375
0 0.05625 0.01328125 0.0359375 0.0265625