0 0.08203125 0.48515625 0.0859375 0.09375
0 0.17265625 0.50234375 0.0859375 0.0859375
0 0.340625 0.55390625 0.10625 0.115625
0 0.721875 0.57890625 0.121875 0.1234375
0 0.8703125 0.51015625 0.0578125 0.0625
0 0.92421875 0.490625 0.059375 0.0703125
0 0.2 0.43125 0.0578125 0.05625
0 0.81875 0.51640625 0.06875 0.08125
0 0.03515625 0.45859375 0.0609375 0.071875
0 0.31796875 0.43515625 0.0484375 0.0625
0 0.409375 0.43515625 0.0484375 0.053125
0 0.484375 0.43203125 0.0328125 0.0421875
0 0.5046875 0.415625 0.0265625 0.034375
0 0.546875 0.4328125 0.034375 0.0484375
0 0.684375 0.434375 0.0359375 0.040625
0 0.821875 0.46171875 0.0375 0.0359375
0 0.76484375 0.446875 0.0484375 0.0484375