0 0.08203125 0.50703125 0.08203125 0.0890625
0 0.1734375 0.51953125 0.08203125 0.08203125
0 0.34375 0.5625 0.10078125 0.1109375
0 0.72578125 0.5671875 0.115625 0.11796875
0 0.8703125 0.490625 0.05546875 0.06015625
0 0.9234375 0.46875 0.05546875 0.0671875
0 0.196875 0.446875 0.05546875 0.053125
0 0.81953125 0.5 0.06484375 0.07734375
0 0.03359375 0.4828125 0.0578125 0.06953125
0 0.31484375 0.44453125 0.0453125 0.06015625
0 0.40625 0.43984375 0.0453125 0.05078125
0 0.48046875 0.4328125 0.03125 0.040625
0 0.5 0.415625 0.02421875 0.03359375
0 0.54296875 0.43046875 0.03125 0.04609375
0 0.68046875 0.425 0.03359375 0.03828125
0 0.81953125 0.44453125 0.0359375 0.03359375
0 0.76171875 0.4328125 0.0453125 0.04609375