0 0.44765625 0.31328125 0.075 0.090625
0 0.28671875 0.325 0.0796875 0.096875
0 0.6765625 0.2859375 0.0796875 0.090625
0 0.15703125 0.3265625 0.0875 0.1
0 0.0875 0.36640625 0.071875 0.0796875
0 0.84765625 0.28046875 0.065625 0.0890625
0 0.8234375 0.27578125 0.0578125 0.084375
0 0.36171875 0.35546875 0.0515625 0.078125
0 0.20859375 0.3734375 0.0390625 0.04375
0 0.41640625 0.3453125 0.0390625 0.0609375
0 0.571875 0.29765625 0.059375 0.0765625
0 0.6171875 0.2984375 0.0484375 0.0609375
0 0.77890625 0.29921875 0.0375 0.0515625
0 0.04296875 0.3796875 0.0390625 0.071875
0 0.42421875 0.0375 0.075 0.0703125
0 0.26328125 0.0546875 0.08125 0.078125
0 0.653125 0.0296875 0.08125 0.059375
0 0.13359375 0.07109375 0.0890625 0.0875
0 0.06015625 0.05625 0.0703125 0.04375
0 0.8234375 0.0171875 0.065625 0.034375
0 0.7984375 0.0203125 0.059375 0.040625
0 0.3328125 0.02578125 0.05 0.03125
0 0.38828125 0.01953125 0.0375 0.0265625
0 0.54765625 0.03046875 0.0609375 0.0609375
0 0.59375 0.021875 0.05 0.04375
0 0.75390625 0.00546875 0.0390625 0.0109375
0 0.0171875 0.05390625 0.034375 0.0296875