0 0.47109375 0.30859375 0.0703125 0.0859375
0 0.31015625 0.3 0.075 0.09375
0 0.7015625 0.309375 0.075 0.0875
0 0.18046875 0.28671875 0.0828125 0.096875
0 0.10703125 0.3171875 0.0671875 0.0765625
0 0.871875 0.32421875 0.0609375 0.0859375
0 0.84765625 0.31640625 0.053125 0.08125
0 0.38046875 0.33984375 0.0484375 0.0765625
0 0.2265625 0.3390625 0.0375 0.0421875
0 0.4359375 0.3359375 0.0359375 0.059375
0 0.59609375 0.3078125 0.05625 0.075
0 0.640625 0.3140625 0.0453125 0.059375
0 0.8015625 0.334375 0.0359375 0.05
0 0.0609375 0.325 0.0359375 0.0703125
0 0.48125 0.0328125 0.071875 0.065625
0 0.31875 0.03359375 0.078125 0.0671875
0 0.71171875 0.04296875 0.078125 0.075
0 0.18828125 0.0359375 0.0859375 0.071875
0 0.1171875 0.01328125 0.06875 0.0265625
0 0.8828125 0.04453125 0.0625 0.0640625
0 0.8578125 0.04609375 0.0546875 0.06875
0 0.3921875 0.01171875 0.05 0.0234375
0 0.446875 0.0109375 0.0375 0.021875
0 0.60625 0.0359375 0.0578125 0.0671875
0 0.65234375 0.03125 0.046875 0.0546875
0 0.81328125 0.028125 0.0375 0.034375
0 0.0734375 0.00625 0.0375 0.0125