1 0.546875 0.515625 0.078125 0.0875
1 0.15390625 0.5109375 0.078125 0.0859375
1 0.51875 0.46015625 0.04375 0.0421875
1 0.7390625 0.44765625 0.04375 0.0421875
0 0.3390625 0.5046875 0.0671875 0.0609375
0 0.39140625 0.47109375 0.0625 0.0578125
0 0.46171875 0.471875 0.0546875 0.05
0 0.63984375 0.46328125 0.065625 0.065625
0 0.6796875 0.484375 0.0484375 0.0640625
1 0.70078125 0.41953125 0.0390625 0.0359375
0 0.5984375 0.41640625 0.0296875 0.0359375
0 0.6390625 0.40078125 0.03125 0.0390625
0 0.665625 0.403125 0.0265625 0.0328125
0 0.5328125 0.43203125 0.03125 0.034375