0 0.83671875 0.44375 0.06875 0.0765625
0 0.57265625 0.43515625 0.059375 0.0828125
0 0.5109375 0.44765625 0.05625 0.0671875
0 0.13984375 0.5265625 0.0578125 0.06875
0 0.6796875 0.421875 0.0578125 0.0734375
0 0.7796875 0.41484375 0.0578125 0.0734375
0 0.721875 0.4921875 0.0625 0.0828125
0 0.38671875 0.52890625 0.059375 0.075
0 0.2359375 0.5171875 0.05625 0.0671875
0 0.7328125 0.4203125 0.05 0.065625
0 0.2859375 0.53359375 0.0578125 0.0609375
0 0.82890625 0.396875 0.0578125 0.06875
0 0.18046875 0.53671875 0.05625 0.0703125
0 0.30625 0.5015625 0.0421875 0.0546875
0 0.3515625 0.4984375 0.0421875 0.0578125
0 0.3328125 0.46015625 0.04375 0.0578125
0 0.42265625 0.4609375 0.053125 0.0703125
0 0.4640625 0.46328125 0.0421875 0.0546875
0 0.45078125 0.51796875 0.05625 0.0703125
0 0.5265625 0.51875 0.0609375 0.075
0 0.62421875 0.42890625 0.0515625 0.0578125
0 0.62890625 0.484375 0.05625 0.078125