0 0.78359375 0.32890625 0.07421875 0.084375
0 0.2234375 0.3 0.07421875 0.09609375
0 0.30546875 0.3046875 0.06953125 0.08203125
0 0.146875 0.31953125 0.0765625 0.09375
0 0.55546875 0.31953125 0.06953125 0.09375
0 0.396875 0.309375 0.071875 0.0890625
0 0.93046875 0.35078125 0.06953125 0.084375
0 0.665625 0.32421875 0.06953125 0.08671875
0 0.78359375 0.02265625 0.0765625 0.0453125
0 0.22265625 0.040625 0.0765625 0.08125
0 0.30546875 0.03515625 0.071875 0.06953125
0 0.14765625 0.03046875 0.0796875 0.06015625
0 0.55546875 0.03046875 0.071875 0.06015625
0 0.39765625 0.03359375 0.07421875 0.0671875
0 0.9296875 0.01171875 0.071875 0.0234375
0 0.665625 0.0265625 0.071875 0.053125