1 0.41953125 0.25625 0.06875 0.1125
1 0.7140625 0.29296875 0.128125 0.171875
1 0.4828125 0.28984375 0.0703125 0.0890625
1 0.890625 0.32109375 0.1 0.13125
1 0.225 0.30546875 0.1296875 0.1625
1 0.1109375 0.2625 0.0890625 0.11875
1 0.34921875 0.2828125 0.09375 0.11875
1 0.59765625 0.315625 0.0515625 0.0734375
1 0.52421875 0.30625 0.0265625 0.0828125
1 0.28828125 0.29296875 0.05625 0.09375
1 0.03125 0.29140625 0.0453125 0.1140625
1 0.5515625 0.328125 0.0328125 0.0609375
1 0.83046875 0.32890625 0.046875 0.059375
1 0.42578125 0.046875 0.0703125 0.09375
1 0.72265625 0.05703125 0.128125 0.103125
1 0.49375 0.0265625 0.071875 0.053125
1 0.9015625 0.04140625 0.1 0.0578125
1 0.23671875 0.02890625 0.1296875 0.0578125
1 0.11796875 0.034375 0.0890625 0.06875
1 0.3578125 0.0328125 0.09375 0.065625
1 0.60859375 0.01484375 0.053125 0.025
1 0.53515625 0.01875 0.028125 0.0375
1 0.2984375 0.01953125 0.05625 0.0390625
1 0.04140625 0.01640625 0.0453125 0.0328125
1 0.84140625 0.01796875 0.0484375 0.0140625