1 0.4109375 0.259375 0.06484375 0.1109375
1 0.70703125 0.2859375 0.12265625 0.16796875
1 0.47578125 0.290625 0.0671875 0.08671875
1 0.884375 0.3078125 0.09609375 0.12734375
1 0.21875 0.31484375 0.125 0.15859375
1 0.103125 0.2765625 0.084375 0.115625
1 0.34140625 0.28828125 0.0890625 0.115625
1 0.59140625 0.3125 0.0484375 0.071875
1 0.5171875 0.30546875 0.02421875 0.08203125
1 0.28125 0.30078125 0.053125 0.09140625
1 0.02421875 0.3078125 0.040625 0.11328125
1 0.5453125 0.3265625 0.03125 0.06015625
1 0.82421875 0.3171875 0.0453125 0.0578125
1 0.4109375 0.0484375 0.0671875 0.09609375
1 0.70703125 0.04921875 0.125 0.0984375
1 0.47734375 0.0265625 0.06953125 0.053125
1 0.88515625 0.02734375 0.0984375 0.0546875
1 0.2203125 0.0328125 0.12734375 0.06484375
1 0.10234375 0.040625 0.0859375 0.08125
1 0.34140625 0.03515625 0.09140625 0.06953125
1 0.59140625 0.01171875 0.0515625 0.0234375
1 0.51796875 0.01796875 0.0265625 0.0359375
1 0.2828125 0.02265625 0.05546875 0.0453125
1 0.02421875 0.02421875 0.04296875 0.0484375
1 0.82421875 0.00625 0.0484375 0.01171875