0 0.77109375 0.309375 0.0796875 0.0890625
0 0.21015625 0.31953125 0.08125 0.1015625
0 0.2921875 0.31875 0.075 0.0859375
0 0.13515625 0.34453125 0.0828125 0.0984375
0 0.54296875 0.31640625 0.0765625 0.0984375
0 0.38359375 0.3171875 0.078125 0.09375
0 0.91875 0.32109375 0.075 0.0890625
0 0.653125 0.31328125 0.075 0.090625
0 0.74921875 0.0140625 0.0796875 0.028125
0 0.19140625 0.0609375 0.0828125 0.0859375
0 0.2734375 0.05 0.0765625 0.075
0 0.115625 0.05625 0.084375 0.065625
0 0.52265625 0.03046875 0.0765625 0.0609375
0 0.365625 0.0421875 0.078125 0.071875
0 0.63125 0.02265625 0.075 0.0453125