1 0.440625 0.25 0.078125 0.11875
1 0.73125 0.3125 0.1421875 0.18125
1 0.5015625 0.2890625 0.0765625 0.09375
1 0.9046875 0.35625 0.1109375 0.1375
1 0.24375 0.28203125 0.14375 0.171875
1 0.13359375 0.2296875 0.0984375 0.125
1 0.36875 0.2703125 0.103125 0.125
1 0.61328125 0.325 0.05625 0.0765625
1 0.540625 0.309375 0.034375 0.084375
1 0.30703125 0.27578125 0.0640625 0.096875
1 0.0515625 0.2515625 0.0546875 0.1171875
1 0.56640625 0.33359375 0.0390625 0.0640625
1 0.84375 0.3578125 0.0515625 0.0625
1 0.465625 0.04609375 0.078125 0.0921875
1 0.76015625 0.078125 0.1359375 0.1125
1 0.534375 0.02890625 0.075 0.0578125
1 0.93984375 0.078125 0.1046875 0.065625
1 0.2796875 0.02109375 0.134375 0.0421875
1 0.16015625 0.0203125 0.0953125 0.040625
1 0.39921875 0.0296875 0.0984375 0.059375
1 0.65 0.0265625 0.0546875 0.0296875
1 0.5765625 0.0234375 0.03125 0.0390625
1 0.34296875 0.0125 0.0609375 0.025
1 0.88203125 0.04921875 0.05 0.0171875