1 0.5484375 0.509375 0.0875 0.0953125
1 0.15703125 0.553125 0.0875 0.0921875
1 0.51328125 0.4578125 0.0484375 0.0453125
1 0.73125 0.41875 0.0484375 0.0453125
0 0.340625 0.52421875 0.0734375 0.0671875
0 0.3890625 0.484375 0.0671875 0.0640625
0 0.45859375 0.4765625 0.059375 0.05625
0 0.634375 0.446875 0.071875 0.071875
0 0.6765625 0.4625 0.0546875 0.0671875
1 0.68984375 0.39609375 0.0421875 0.040625
0 0.5875 0.4046875 0.0328125 0.0390625
0 0.62578125 0.384375 0.0359375 0.040625
0 0.65234375 0.38359375 0.0296875 0.0359375
0 0.52421875 0.42890625 0.034375 0.0359375