0 0.7375 0.26953125 0.090625 0.0984375
0 0.18515625 0.3671875 0.09375 0.1109375
0 0.26640625 0.353125 0.0859375 0.0953125
0 0.115625 0.40390625 0.0953125 0.1078125
0 0.51328125 0.31171875 0.0890625 0.10625
0 0.35625 0.3375 0.090625 0.103125
0 0.8859375 0.2578125 0.0875 0.0984375
0 0.621875 0.29140625 0.0875 0.1
0 0.1265625 0.11484375 0.0921875 0.096875
0 0.20625 0.090625 0.0859375 0.084375
0 0.05078125 0.121875 0.090625 0.0765625
0 0.44765625 0.03359375 0.0828125 0.0671875
0 0.2953125 0.06875 0.0875 0.0828125
0 0.5546875 0.0171875 0.08125 0.034375