1 0.5453125 0.51953125 0.071875 0.08203125
1 0.15390625 0.48046875 0.071875 0.0796875
1 0.521875 0.46171875 0.040625 0.03828125
1 0.74296875 0.46875 0.040625 0.03828125
0 0.3390625 0.490625 0.0625 0.05546875
0 0.39453125 0.46171875 0.0578125 0.053125
0 0.4640625 0.46875 0.05078125 0.04609375
0 0.6421875 0.47578125 0.06015625 0.06015625
0 0.68046875 0.5 0.04296875 0.06015625
1 0.70703125 0.4375 0.0359375 0.03359375
0 0.60546875 0.425 0.0265625 0.03359375
0 0.646875 0.41328125 0.02890625 0.0359375
0 0.6734375 0.41796875 0.02421875 0.03125
0 0.53828125 0.43515625 0.02890625 0.03125