0 0.84140625 0.48515625 0.06015625 0.06953125
0 0.5796875 0.44453125 0.05078125 0.07734375
0 0.5171875 0.44921875 0.0484375 0.0625
0 0.1390625 0.4828125 0.05078125 0.0625
0 0.6875 0.44453125 0.05078125 0.0671875
0 0.78828125 0.44921875 0.05078125 0.0671875
0 0.72109375 0.51953125 0.053125 0.07734375
0 0.384375 0.51484375 0.05078125 0.06953125
0 0.2359375 0.48515625 0.0484375 0.0625
0 0.740625 0.44921875 0.04296875 0.06015625
0 0.28359375 0.50703125 0.05078125 0.05546875
0 0.8390625 0.4375 0.05078125 0.0625
0 0.178125 0.49765625 0.0484375 0.06484375
0 0.3078125 0.478125 0.0359375 0.05078125
0 0.353125 0.48046875 0.0359375 0.053125
0 0.3390625 0.43984375 0.03828125 0.053125
0 0.428125 0.4515625 0.0453125 0.06484375
0 0.46875 0.459375 0.0359375 0.05078125
0 0.44921875 0.51171875 0.0484375 0.06484375
0 0.52421875 0.521875 0.053125 0.06953125
0 0.63203125 0.44453125 0.0453125 0.053125
0 0.6296875 0.5 0.0484375 0.07265625