0 0.8296875 0.40859375 0.075 0.08125
0 0.56484375 0.428125 0.0671875 0.0875
0 0.50546875 0.446875 0.0609375 0.071875
0 0.14453125 0.5640625 0.0640625 0.071875
0 0.6703125 0.40390625 0.0640625 0.0765625
0 0.76953125 0.3859375 0.0640625 0.0765625
0 0.71953125 0.46953125 0.06875 0.0875
0 0.390625 0.540625 0.065625 0.0796875
0 0.2390625 0.5453125 0.0609375 0.071875
0 0.72265625 0.39609375 0.0546875 0.06875
0 0.290625 0.55546875 0.0625 0.065625
0 0.81640625 0.3625 0.0640625 0.071875
0 0.1859375 0.5703125 0.0625 0.0734375
0 0.3078125 0.521875 0.046875 0.0578125
0 0.35234375 0.5140625 0.046875 0.059375
0 0.3296875 0.47734375 0.05 0.0609375
0 0.41875 0.46875 0.059375 0.0734375
0 0.46015625 0.4671875 0.046875 0.0578125
0 0.453125 0.52265625 0.0625 0.0734375
0 0.52890625 0.515625 0.0671875 0.0796875
0 0.61640625 0.41640625 0.05625 0.0625
0 0.6265625 0.47109375 0.0640625 0.08125