1 0.28359375 0.3625 0.0734375 0.09375
1 0.60703125 0.3859375 0.0875 0.103125
1 0.396875 0.36640625 0.0875 0.115625
1 0.11171875 0.38125 0.05 0.06875
1 0.21953125 0.403125 0.0390625 0.046875
1 0.15234375 0.39609375 0.0328125 0.0421875
1 0.9625 0.38125 0.075 0.146875
1 0.29453125 0.059375 0.0734375 0.09375
1 0.61875 0.059375 0.0875 0.103125
1 0.40703125 0.0640625 0.0875 0.115625
1 0.1234375 0.03203125 0.05 0.0640625
1 0.23203125 0.01875 0.0390625 0.0375
1 0.16484375 0.01875 0.0328125 0.0375
1 0.96796875 0.0875 0.0640625 0.146875