1 0.2859375 0.35859375 0.075 0.0953125
1 0.609375 0.3875 0.0890625 0.1046875
1 0.39921875 0.36484375 0.090625 0.1171875
1 0.1140625 0.37421875 0.0515625 0.0703125
1 0.22109375 0.3984375 0.040625 0.046875
1 0.1546875 0.390625 0.0328125 0.0421875
1 0.9625 0.38984375 0.075 0.1484375
1 0.3015625 0.05625 0.075 0.0953125
1 0.6265625 0.06171875 0.0890625 0.1046875
1 0.41484375 0.0625 0.090625 0.1171875
1 0.13203125 0.02890625 0.0515625 0.0578125
1 0.240625 0.01640625 0.040625 0.0328125
1 0.17421875 0.015625 0.0328125 0.03125
1 0.9703125 0.096875 0.059375 0.146875