1 0.27890625 0.3703125 0.06953125 0.09140625
1 0.603125 0.38203125 0.084375 0.10078125
1 0.3921875 0.3703125 0.084375 0.11328125
1 0.1078125 0.39453125 0.0484375 0.0671875
1 0.21640625 0.41328125 0.03828125 0.0453125
1 0.14921875 0.40859375 0.03125 0.040625
1 0.959375 0.365625 0.071875 0.14453125
1 0.27890625 0.0671875 0.06953125 0.09140625
1 0.603125 0.05546875 0.084375 0.10078125
1 0.3921875 0.0671875 0.084375 0.11328125
1 0.1078125 0.04296875 0.0484375 0.0671875
1 0.21640625 0.02421875 0.03828125 0.0453125
1 0.14921875 0.02890625 0.03125 0.040625
1 0.959375 0.071875 0.071875 0.14375