1 0.0453125 0.38125 0.0390625 0.0390625
1 0.265625 0.39453125 0.0390625 0.04375
1 0.84609375 0.3546875 0.0640625 0.0828125
1 0.98828125 0.35234375 0.0234375 0.09375
1 0.6921875 0.378125 0.0515625 0.0765625
1 0.7328125 0.37109375 0.046875 0.0671875
1 0.59140625 0.37109375 0.0546875 0.078125
1 0.63203125 0.36953125 0.0375 0.0625
1 0.4953125 0.3796875 0.05 0.0640625
1 0.32109375 0.40078125 0.025 0.0390625
1 0.35234375 0.4203125 0.034375 0.04375
1 0.35546875 0.37734375 0.03125 0.04375
1 0.39375 0.40703125 0.0390625 0.0515625
1 0.43984375 0.37890625 0.0515625 0.0640625
1 0.5359375 0.378125 0.034375 0.0578125
1 0.85390625 0.01953125 0.065625 0.028125
1 0.990625 0.02578125 0.01875 0.0359375