1 0.8265625 0.51328125 0.065625 0.075
1 0.46875 0.45078125 0.05625 0.075
1 0.17109375 0.409375 0.0640625 0.0828125
1 0.31875 0.44453125 0.0546875 0.0734375
1 0.22265625 0.43671875 0.040625 0.0515625
1 0.35546875 0.4453125 0.0375 0.0609375
1 0.50546875 0.4671875 0.046875 0.0671875
1 0.62578125 0.459375 0.0609375 0.0765625
1 0.69140625 0.4890625 0.04375 0.053125
1 0.66171875 0.49140625 0.0359375 0.05
1 0.77578125 0.49453125 0.04375 0.053125
1 0.94375 0.52578125 0.0453125 0.0515625
1 0.8625 0.51640625 0.0421875 0.0625
1 0.39296875 0.4390625 0.0546875 0.06875
1 0.55546875 0.47265625 0.0265625 0.0359375
1 0.58125 0.47890625 0.0328125 0.0421875