1 0.82421875 0.46171875 0.05546875 0.0671875
1 0.46171875 0.45625 0.0453125 0.06953125
1 0.1609375 0.46171875 0.053125 0.075
1 0.3125 0.4734375 0.0453125 0.0671875
1 0.21640625 0.48046875 0.03359375 0.04609375
1 0.3484375 0.46875 0.02890625 0.0578125
1 0.5 0.46640625 0.03828125 0.0625
1 0.61796875 0.43984375 0.05078125 0.06953125
1 0.6875 0.459375 0.0359375 0.0484375
1 0.65859375 0.46640625 0.02890625 0.04609375
1 0.771875 0.4515625 0.0359375 0.0484375
1 0.9421875 0.45625 0.03828125 0.04609375
1 0.8609375 0.459375 0.03359375 0.0578125
1 0.384375 0.45625 0.0453125 0.0625
1 0.55078125 0.4640625 0.021875 0.03359375
1 0.5765625 0.46640625 0.0265625 0.03828125