1 0.04296875 0.3890625 0.03828125 0.03828125
1 0.2640625 0.3984375 0.03828125 0.04375
1 0.84375 0.3484375 0.0625 0.08203125
1 0.9859375 0.34375 0.021875 0.09375
1 0.68984375 0.375 0.05078125 0.075
1 0.73046875 0.3671875 0.0453125 0.0671875
1 0.5890625 0.36953125 0.053125 0.07734375
1 0.6296875 0.3671875 0.0359375 0.0625
1 0.49296875 0.3796875 0.0484375 0.0625
1 0.31953125 0.40390625 0.02421875 0.03828125
1 0.35078125 0.42265625 0.03359375 0.04375
1 0.353125 0.3796875 0.03125 0.04375
1 0.3921875 0.40859375 0.03828125 0.05078125
1 0.4375 0.3796875 0.05078125 0.0625
1 0.53359375 0.37734375 0.03359375 0.0578125
1 0.8453125 0.01328125 0.06484375 0.0265625
1 0.9859375 0.01796875 0.02421875 0.0359375