1 0.825 0.4671875 0.05625 0.06875
1 0.4625 0.45546875 0.046875 0.0703125
1 0.16171875 0.45546875 0.0546875 0.0765625
1 0.31328125 0.4703125 0.046875 0.0671875
1 0.21640625 0.47578125 0.034375 0.046875
1 0.34921875 0.46640625 0.0296875 0.0578125
1 0.50078125 0.46640625 0.0390625 0.0625
1 0.61875 0.4421875 0.0515625 0.0703125
1 0.68828125 0.4625 0.0375 0.0484375
1 0.659375 0.46953125 0.0296875 0.046875
1 0.77265625 0.45625 0.0375 0.0484375
1 0.94296875 0.4640625 0.0390625 0.046875
1 0.86171875 0.465625 0.034375 0.0578125
1 0.38515625 0.45390625 0.046875 0.0640625
1 0.5515625 0.46484375 0.021875 0.034375
1 0.57734375 0.46796875 0.0265625 0.0390625