0 0.18984375 0.5984375 0.0796875 0.09609375
0 0.7234375 0.25390625 0.103125 0.11328125
0 0.35546875 0.62734375 0.07421875 0.084375
0 0.125 0.584375 0.053125 0.07265625
0 0.6078125 0.61328125 0.06015625 0.0671875
0 0.2359375 0.58671875 0.03359375 0.0578125
0 0.01953125 0.575 0.03125 0.07265625
0 0.4203125 0.6015625 0.040625 0.0578125
0 0.4828125 0.5984375 0.0453125 0.0625
0 0.54296875 0.615625 0.04296875 0.05546875
0 0.303125 0.5984375 0.040625 0.0484375
0 0.7234375 0.07734375 0.103125 0.11328125