1 0.27890625 0.3671875 0.06484375 0.08203125
1 0.8296875 0.31953125 0.05546875 0.09609375
1 0.67578125 0.31171875 0.10078125 0.11796875
0 0.46640625 0.3046875 0.07421875 0.10390625
1 0.7953125 0.321875 0.0359375 0.08203125
1 0.56015625 0.3625 0.03828125 0.05078125
1 0.27890625 0.09375 0.06484375 0.08203125
1 0.8296875 0.1421875 0.05546875 0.09609375
1 0.67578125 0.14921875 0.10078125 0.11796875
0 0.46640625 0.15625 0.07421875 0.10390625
1 0.7953125 0.13984375 0.0359375 0.08203125
1 0.56015625 0.0984375 0.03828125 0.05078125