1 0.06015625 0.334375 0.0421875 0.0421875
1 0.278125 0.3703125 0.04375 0.0484375
1 0.859375 0.39140625 0.071875 0.0890625
1 0.9921875 0.40390625 0.015625 0.0953125
1 0.70390625 0.39921875 0.059375 0.08125
1 0.7453125 0.39609375 0.053125 0.071875
1 0.6046875 0.38125 0.0625 0.0828125
1 0.64453125 0.38359375 0.04375 0.0671875
1 0.5078125 0.3796875 0.05625 0.0671875
1 0.3328125 0.3828125 0.028125 0.040625
1 0.3609375 0.4046875 0.0390625 0.046875
1 0.36875 0.3625 0.0359375 0.046875
1 0.40390625 0.39609375 0.04375 0.0546875
1 0.45234375 0.37265625 0.0578125 0.06875
1 0.5484375 0.38203125 0.040625 0.0609375
1 0.90234375 0.059375 0.0671875 0.034375