1 0.78359375 0.3890625 0.07421875 0.084375
1 0.18984375 0.4109375 0.1421875 0.1609375
1 0.7046875 0.44921875 0.0765625 0.09140625
1 0.46640625 0.43515625 0.06015625 0.0765625
1 0.396875 0.4375 0.0578125 0.0890625
1 0.54296875 0.40859375 0.0625 0.0890625
1 0.29296875 0.43046875 0.0765625 0.10078125
1 0.03828125 0.384375 0.05546875 0.06484375
1 0.56953125 0.428125 0.06484375 0.09375
1 0.3265625 0.40859375 0.04296875 0.0765625
1 0.56484375 0.42578125 0.08203125 0.10546875
1 0.35546875 0.4203125 0.03359375 0.07421875