0 0.80234375 0.26328125 0.06875 0.0765625
0 0.665625 0.309375 0.0546875 0.06875
0 0.0109375 0.48515625 0.021875 0.0453125
0 0.0453125 0.45703125 0.040625 0.046875
0 0.1046875 0.44453125 0.0609375 0.0671875
0 0.1609375 0.43046875 0.0328125 0.0453125
0 0.184375 0.415625 0.05625 0.0671875
0 0.24375 0.41484375 0.0578125 0.075
0 0.3390625 0.39921875 0.046875 0.0515625
0 0.38984375 0.3734375 0.0453125 0.053125
0 0.4375 0.37734375 0.0515625 0.059375
0 0.4703125 0.3609375 0.053125 0.0640625
0 0.5 0.35078125 0.0453125 0.053125
0 0.54453125 0.3484375 0.053125 0.065625