1 0.1859375 0.4859375 0.05625 0.0734375
1 0.12421875 0.5046875 0.0390625 0.0515625
1 0.3234375 0.49296875 0.0671875 0.084375
1 0.36484375 0.4640625 0.0546875 0.065625
1 0.478125 0.4703125 0.0421875 0.053125
1 0.521875 0.46484375 0.05 0.0625
1 0.56171875 0.45234375 0.0390625 0.0515625
1 0.6078125 0.446875 0.0671875 0.078125
1 0.72578125 0.42890625 0.075 0.084375
1 0.77265625 0.4375 0.0421875 0.053125
1 0.83984375 0.42734375 0.0375 0.0546875
1 0.8796875 0.415625 0.05 0.0671875
1 0.94453125 0.415625 0.065625 0.0734375
1 0.98359375 0.4109375 0.0203125 0.0546875