1 0.3796875 0.36015625 0.115625 0.1421875
1 0.13671875 0.3484375 0.0765625 0.08203125
1 0.2328125 0.34375 0.09609375 0.0984375
1 0.49765625 0.2953125 0.0453125 0.0578125
1 0.87265625 0.4109375 0.16796875 0.2046875
1 0.60546875 0.32421875 0.0484375 0.04609375
1 0.9203125 0.28515625 0.03359375 0.03359375
1 0.38125 0.021875 0.11796875 0.04375
1 0.13828125 0.01328125 0.0796875 0.0265625
1 0.234375 0.01953125 0.0984375 0.03828125
1 0.49765625 0.0359375 0.0453125 0.0578125
1 0.60703125 0.015625 0.05078125 0.03125
1 0.9203125 0.04609375 0.03359375 0.03359375