0 0.85078125 0.34375 0.05546875 0.06484375
0 0.70703125 0.35546875 0.040625 0.06015625
0 0.021875 0.365625 0.0265625 0.040625
0 0.06953125 0.3484375 0.03125 0.040625
0 0.1296875 0.35078125 0.0484375 0.0578125
0 0.1875 0.35078125 0.02421875 0.040625
0 0.2140625 0.34140625 0.04296875 0.0578125
0 0.271875 0.35546875 0.04296875 0.0671875
0 0.36796875 0.36328125 0.03828125 0.04296875
0 0.4234375 0.35078125 0.0359375 0.0453125
0 0.46875 0.365625 0.040625 0.05078125
0 0.5046875 0.3578125 0.040625 0.05546875
0 0.5359375 0.35546875 0.0359375 0.0453125
0 0.5796875 0.36328125 0.040625 0.0578125