1 0.18828125 0.45859375 0.0515625 0.0703125
1 0.12578125 0.471875 0.0375 0.0484375
1 0.32421875 0.47734375 0.0640625 0.08125
1 0.36875 0.45234375 0.0515625 0.0640625
1 0.48125 0.46875 0.0390625 0.0515625
1 0.525 0.4671875 0.046875 0.0609375
1 0.565625 0.4578125 0.0375 0.0484375
1 0.61171875 0.45625 0.0640625 0.075
1 0.73125 0.4484375 0.0703125 0.08125
1 0.77734375 0.46171875 0.0390625 0.0515625
1 0.84453125 0.4578125 0.034375 0.053125
1 0.88515625 0.44921875 0.046875 0.065625
1 0.95 0.4546875 0.0609375 0.0703125
1 0.9890625 0.453125 0.01875 0.053125