0 0.8765625 0.4265625 0.06875 0.075
0 0.734375 0.40546875 0.053125 0.0671875
0 0.0640625 0.26171875 0.034375 0.0453125
0 0.11484375 0.25546875 0.0390625 0.046875
0 0.17265625 0.27109375 0.0609375 0.0671875
0 0.22890625 0.284375 0.0328125 0.0453125
0 0.25703125 0.28125 0.0546875 0.065625
0 0.31015625 0.3078125 0.05625 0.075
0 0.40234375 0.33671875 0.046875 0.05
0 0.45859375 0.3375 0.0453125 0.0515625
0 0.5 0.36171875 0.0515625 0.059375
0 0.53671875 0.3625 0.0515625 0.0625
0 0.5671875 0.3671875 0.0453125 0.0515625
0 0.60859375 0.384375 0.053125 0.065625