1 0.1875 0.4640625 0.05078125 0.06953125
1 0.125 0.478125 0.0359375 0.0484375
1 0.32421875 0.48046875 0.0625 0.0796875
1 0.36796875 0.4546875 0.05078125 0.0625
1 0.48046875 0.46875 0.03828125 0.05078125
1 0.52421875 0.46640625 0.0453125 0.06015625
1 0.56484375 0.45703125 0.0359375 0.0484375
1 0.6109375 0.4546875 0.0625 0.07421875
1 0.73046875 0.44453125 0.06953125 0.0796875
1 0.7765625 0.45703125 0.03828125 0.05078125
1 0.84375 0.4515625 0.03359375 0.053125
1 0.884375 0.4421875 0.0453125 0.06484375
1 0.94921875 0.446875 0.06015625 0.06953125
1 0.98828125 0.44453125 0.0171875 0.053125