1 0.8703125 0.3359375 0.08125 0.09375
1 0.96640625 0.31953125 0.05625 0.115625
0 0.64453125 0.35078125 0.071875 0.08125
0 0.2015625 0.3 0.103125 0.1203125
0 0.31953125 0.35546875 0.0625 0.08125
0 0.44453125 0.3359375 0.053125 0.06875
1 0.72109375 0.34375 0.05 0.0796875
1 0.87109375 0.021875 0.084375 0.04375
1 0.96640625 0.0359375 0.0578125 0.071875
0 0.64453125 0.01171875 0.0734375 0.0234375
0 0.2015625 0.046875 0.10625 0.09375
0 0.3203125 0.009375 0.065625 0.01875
0 0.44609375 0.015625 0.05625 0.03125
1 0.72109375 0.01484375 0.053125 0.028125