1 0.85078125 0.2984375 0.090625 0.1015625
1 0.9453125 0.271875 0.0671875 0.1203125
0 0.628125 0.33671875 0.0796875 0.0890625
0 0.18203125 0.33203125 0.115625 0.1296875
0 0.30546875 0.375 0.0703125 0.0875
0 0.42734375 0.34296875 0.059375 0.075
1 0.70390625 0.321875 0.059375 0.084375
1 0.81796875 0.00546875 0.0890625 0.0109375
1 0.915625 0.0140625 0.065625 0.028125
0 0.5921875 0.00703125 0.075 0.0140625
0 0.15546875 0.08046875 0.1140625 0.1046875
0 0.2703125 0.03046875 0.0671875 0.025
0 0.39609375 0.02421875 0.0578125 0.0375
1 0.66875 0.00546875 0.05625 0.0109375