1 0.33671875 0.50703125 0.04296875 0.0453125
1 0.68984375 0.50703125 0.05078125 0.0625
0 0.03828125 0.47578125 0.07421875 0.1078125
0 0.09140625 0.49296875 0.0578125 0.0765625
0 0.209375 0.4515625 0.08203125 0.103125
0 0.3921875 0.4859375 0.0796875 0.09140625
0 0.48828125 0.49296875 0.0578125 0.07421875
0 0.58203125 0.509375 0.040625 0.0578125
0 0.64453125 0.5171875 0.0796875 0.09609375
0 0.7984375 0.4734375 0.10546875 0.125
0 0.8921875 0.51171875 0.09140625 0.11328125
0 0.96875 0.5046875 0.05546875 0.06484375