0 0.56328125 0.390625 0.09375 0.1046875
0 0.31875 0.3203125 0.1296875 0.1453125
0 0.81484375 0.40078125 0.1328125 0.1484375
0 0.1109375 0.3 0.059375 0.0625
0 0.71484375 0.40078125 0.0515625 0.0640625
0 0.68203125 0.38046875 0.0375 0.05
0 0.040625 0.29375 0.034375 0.0546875
0 0.071875 0.2984375 0.040625 0.0484375
0 0.61640625 0.05234375 0.09375 0.0921875
0 0.36484375 0.05546875 0.1328125 0.1109375
0 0.86015625 0.115625 0.134375 0.14375
0 0.159375 0.0109375 0.059375 0.021875
0 0.765625 0.08203125 0.0515625 0.0640625
0 0.728125 0.090625 0.0375 0.05