1 0.12265625 0.5921875 0.075 0.0734375
1 0.35703125 0.73125 0.06875 0.0671875
1 0.28359375 0.58125 0.075 0.084375
1 0.06015625 0.39296875 0.0671875 0.0640625
1 0.39296875 0.45625 0.0515625 0.059375
1 0.37421875 0.60703125 0.078125 0.0796875
0 0.1203125 0.4671875 0.0671875 0.071875
0 0.1875 0.69375 0.071875 0.071875
0 0.48203125 0.6015625 0.0640625 0.05
1 0.071875 0.88046875 0.075 0.0734375
1 0.3390625 0.83046875 0.06875 0.0671875
1 0.22265625 0.93203125 0.071875 0.059375
1 0.31484375 0.9453125 0.078125 0.0671875
0 0.1671875 0.8078125 0.071875 0.071875
0 0.41640625 0.98203125 0.0625 0.028125