1 0.14453125 0.65625 0.06484375 0.0625
1 0.39921875 0.75234375 0.06015625 0.0578125
1 0.30078125 0.61796875 0.0625 0.07421875
1 0.0484375 0.47109375 0.0578125 0.05546875
1 0.38671875 0.47578125 0.04296875 0.053125
1 0.39453125 0.62734375 0.0671875 0.06953125
0 0.1203125 0.53359375 0.0578125 0.0625
0 0.22578125 0.7453125 0.0625 0.0625
0 0.5 0.603125 0.0578125 0.040625
1 0.14453125 0.94921875 0.06484375 0.0625
1 0.39921875 0.853125 0.06015625 0.0578125
1 0.3015625 0.9734375 0.06484375 0.0484375
1 0.3953125 0.9703125 0.06953125 0.05546875
0 0.22578125 0.8609375 0.0625 0.0625
0 0.5015625 0.9890625 0.06015625 0.0171875