0 0.5390625 0.3796875 0.084375 0.0984375
0 0.28515625 0.36171875 0.1171875 0.1359375
0 0.7875 0.3375 0.1203125 0.1375
0 0.078125 0.38515625 0.053125 0.0578125
0 0.68984375 0.3578125 0.0453125 0.059375
0 0.653125 0.34453125 0.0328125 0.046875
0 0.0109375 0.39296875 0.021875 0.0515625
0 0.0390625 0.3921875 0.0359375 0.0453125
0 0.52109375 0.03984375 0.0859375 0.0796875
0 0.271875 0.0765625 0.1203125 0.1359375
0 0.771875 0.0578125 0.121875 0.115625
0 0.06171875 0.0734375 0.053125 0.0578125
0 0.67265625 0.0359375 0.0453125 0.059375
0 0.6375 0.05234375 0.0328125 0.046875
0 0.021875 0.06953125 0.0359375 0.0453125