1 0.4625 0.3328125 0.0875 0.103125
1 0.7484375 0.2734375 0.0828125 0.1015625
1 0.6390625 0.25546875 0.09375 0.109375
1 0.53046875 0.3296875 0.0640625 0.075
1 0.60703125 0.309375 0.059375 0.0796875
1 0.8265625 0.26171875 0.053125 0.0765625
1 0.26328125 0.32578125 0.0578125 0.065625
1 0.8640625 0.246875 0.0453125 0.0828125
1 0.890625 0.24921875 0.0390625 0.0546875
1 0.915625 0.240625 0.028125 0.0546875
1 0.69453125 0.28984375 0.0625 0.0671875
1 0.6109375 0.02265625 0.090625 0.0453125
1 0.22734375 0.0359375 0.0546875 0.01875