1 0.4828125 0.3296875 0.0765625 0.09375
1 0.77421875 0.30546875 0.071875 0.09375
1 0.66796875 0.27421875 0.08203125 0.10078125
1 0.55078125 0.334375 0.05546875 0.06953125
1 0.6296875 0.32421875 0.05078125 0.07421875
1 0.853125 0.303125 0.0453125 0.071875
1 0.2859375 0.2984375 0.05078125 0.06015625
1 0.8921875 0.29296875 0.0359375 0.0796875
1 0.91796875 0.2984375 0.03359375 0.05078125
1 0.94453125 0.29296875 0.021875 0.053125
1 0.71875 0.31484375 0.05546875 0.06015625
1 0.775 0.0109375 0.07421875 0.021875
1 0.66953125 0.02890625 0.084375 0.0578125
1 0.853125 0.00703125 0.0484375 0.0140625
1 0.2859375 0.00625 0.053125 0.01171875
1 0.8921875 0.01328125 0.03828125 0.0265625
1 0.94453125 0.00703125 0.02421875 0.0140625