1 0.515625 0.3296875 0.09375 0.10625
1 0.80625 0.36171875 0.0890625 0.10625
1 0.7078125 0.31015625 0.1 0.1140625
1 0.58125 0.346875 0.0671875 0.078125
1 0.6609375 0.35234375 0.0640625 0.0828125
1 0.884375 0.37421875 0.0578125 0.0796875
1 0.328125 0.2609375 0.0609375 0.06875
1 0.92421875 0.371875 0.05 0.084375
1 0.9484375 0.38203125 0.0421875 0.05625
1 0.97578125 0.38125 0.03125 0.05625
1 0.75 0.36015625 0.065625 0.0703125
1 0.86328125 0.07265625 0.0765625 0.0359375
1 0.75625 0.06953125 0.09375 0.0734375
1 0.940625 0.08359375 0.05 0.0234375
1 0.978125 0.096875 0.0421875 0.0328125