1 0.13671875 0.6375 0.06875 0.065625
1 0.3859375 0.746875 0.0625 0.0609375
1 0.29453125 0.60703125 0.065625 0.078125
1 0.05078125 0.44765625 0.0609375 0.0578125
1 0.38828125 0.46953125 0.0453125 0.0546875
1 0.38828125 0.621875 0.0703125 0.0734375
0 0.11875 0.5140625 0.0609375 0.065625
0 0.21328125 0.73046875 0.065625 0.065625
0 0.49453125 0.603125 0.059375 0.04375
1 0.121875 0.9296875 0.06875 0.065625
1 0.38125 0.84765625 0.0625 0.0609375
1 0.27734375 0.9625 0.0671875 0.0515625
1 0.37109375 0.9640625 0.071875 0.059375
0 0.20703125 0.84609375 0.065625 0.065625
0 0.47578125 0.98828125 0.0609375 0.0203125