0 0.5453125 0.38203125 0.0796875 0.09375
0 0.29296875 0.35078125 0.1109375 0.1296875
0 0.7953125 0.353125 0.11328125 0.13203125
0 0.084375 0.36328125 0.05078125 0.05546875
0 0.696875 0.36796875 0.04296875 0.0578125
0 0.6609375 0.353125 0.03125 0.0453125
0 0.0140625 0.36796875 0.0265625 0.05078125
0 0.0453125 0.36796875 0.03359375 0.04296875
0 0.5453125 0.03984375 0.08203125 0.0796875
0 0.29453125 0.06484375 0.11328125 0.1296875
0 0.7953125 0.0640625 0.115625 0.12734375
0 0.084375 0.05078125 0.05078125 0.05546875
0 0.696875 0.0453125 0.04296875 0.0578125
0 0.6609375 0.06015625 0.03125 0.0453125
0 0.0140625 0.0453125 0.0265625 0.05078125
0 0.0453125 0.0453125 0.03359375 0.04296875