1 0.7171875 0.6375 0.03125 0.0375
1 0.27265625 0.64921875 0.0640625 0.0671875
1 0.35703125 0.54765625 0.05625 0.0609375
1 0.44375 0.45859375 0.0625 0.06875
1 0.58828125 0.26953125 0.071875 0.0671875
1 0.57265625 0.66328125 0.0390625 0.04375
1 0.96015625 0.59140625 0.078125 0.0921875
1 0.915625 0.5828125 0.0671875 0.078125
1 0.765625 0.665625 0.0984375 0.11875
1 0.83359375 0.61953125 0.046875 0.05625
1 0.77109375 0.94609375 0.0328125 0.0265625
1 0.5453125 0.028125 0.071875 0.05625
1 0.628125 0.97109375 0.0390625 0.0296875
1 0.98828125 0.89296875 0.0234375 0.0546875
1 0.97109375 0.9109375 0.0578125 0.03125
1 0.809375 0.903125 0.1 0.10625
1 0.8875 0.91953125 0.0453125 0.040625