1 0.68984375 0.6734375 0.0265625 0.03359375
1 0.25 0.6078125 0.05546875 0.0578125
1 0.35078125 0.521875 0.0484375 0.053125
1 0.4515625 0.44921875 0.053125 0.06015625
1 0.62734375 0.28828125 0.0625 0.0578125
1 0.54296875 0.6734375 0.03359375 0.03828125
1 0.9375 0.6703125 0.06484375 0.08203125
1 0.89453125 0.65390625 0.05546875 0.06953125
1 0.7328125 0.709375 0.08203125 0.10546875
1 0.8078125 0.67578125 0.03828125 0.05078125
1 0.68984375 0.98671875 0.02890625 0.021875
1 0.62734375 0.03828125 0.0625 0.0578125
1 0.54453125 0.9859375 0.0359375 0.02421875
1 0.9375 0.97578125 0.0671875 0.04296875
1 0.89453125 0.98671875 0.0578125 0.021875
1 0.734375 0.95078125 0.084375 0.09375
1 0.80859375 0.98046875 0.040625 0.03359375