1 0.64609375 0.71171875 0.0328125 0.0390625
1 0.23203125 0.5484375 0.0671875 0.06875
1 0.35 0.4875 0.059375 0.0625
1 0.4640625 0.43984375 0.065625 0.0703125
1 0.671875 0.32265625 0.0734375 0.0703125
1 0.503125 0.67890625 0.040625 0.0453125
1 0.88828125 0.7640625 0.08125 0.09375
1 0.85 0.7390625 0.0703125 0.0796875
1 0.6796875 0.75625 0.103125 0.121875
1 0.76015625 0.740625 0.0484375 0.0578125
1 0.728125 0.07890625 0.0734375 0.0703125
1 0.434375 0.98359375 0.040625 0.03125
1 0.6265625 0.96796875 0.103125 0.0640625