1 0.7390625 0.79140625 0.0859375 0.0953125
1 0.759375 0.65859375 0.0546875 0.0546875
0 0.11171875 0.4078125 0.0625 0.0671875
0 0.2359375 0.52109375 0.084375 0.0765625
0 0.17265625 0.4421875 0.0671875 0.0609375
0 0.1375 0.44609375 0.0484375 0.0484375
0 0.8703125 0.7140625 0.040625 0.0421875
0 0.8484375 0.74296875 0.0515625 0.053125
0 0.678125 0.68984375 0.0625 0.065625
0 0.6875 0.62734375 0.04375 0.0453125
0 0.315625 0.60546875 0.0875 0.0796875
0 0.4046875 0.57421875 0.0703125 0.071875
0 0.3640625 0.5328125 0.05625 0.0625
0 0.5 0.58671875 0.046875 0.0421875
0 0.5421875 0.62578125 0.053125 0.046875
0 0.5875 0.65546875 0.0515625 0.0609375
0 0.46015625 0.6734375 0.0734375 0.0703125
0 0.63671875 0.66484375 0.053125 0.059375
0 0.54140625 0.578125 0.0359375 0.0390625