1 0.0296875 0.6296875 0.034375 0.0484375
1 0.0796875 0.62109375 0.0453125 0.046875
1 0.1453125 0.66015625 0.053125 0.053125
1 0.4671875 0.53515625 0.0515625 0.059375
1 0.384375 0.590625 0.040625 0.0453125
1 0.25 0.590625 0.0359375 0.0390625
1 0.18671875 0.6234375 0.0390625 0.0484375
1 0.82734375 0.55703125 0.0453125 0.046875
1 0.8703125 0.40078125 0.0390625 0.04375
1 0.76953125 0.4375 0.046875 0.046875
1 0.6890625 0.47890625 0.040625 0.0484375
1 0.565625 0.5109375 0.05625 0.0578125
1 0.5328125 0.51875 0.04375 0.0515625
1 0.1609375 0.59609375 0.034375 0.0421875
1 0.20234375 0.58671875 0.0375 0.040625
1 0.22421875 0.5953125 0.040625 0.0453125
0 0.42265625 0.5875 0.034375 0.040625
0 0.62421875 0.48515625 0.0484375 0.053125