1 0.68828125 0.27421875 0.0859375 0.10625
1 0.27421875 0.34140625 0.090625 0.1046875
1 0.50234375 0.28203125 0.0796875 0.0953125
1 0.375 0.32890625 0.075 0.09375
1 0.4171875 0.2828125 0.0671875 0.0859375
1 0.93359375 0.22421875 0.0609375 0.0734375
1 0.203125 0.29140625 0.05625 0.0703125
1 0.8921875 0.2 0.065625 0.0765625
1 0.11328125 0.31328125 0.0515625 0.0625
1 0.521875 0.24296875 0.0671875 0.0859375
1 0.38671875 0.01875 0.0625 0.025
1 0.175 0.04921875 0.053125 0.0328125
1 0.08203125 0.0546875 0.05 0.0203125
1 0.4953125 0.021875 0.065625 0.04375