1 0.0171875 0.42734375 0.034375 0.0484375
1 0.06640625 0.4390625 0.046875 0.0484375
1 0.1109375 0.5015625 0.0546875 0.05625
1 0.45625 0.51875 0.0546875 0.0625
1 0.35703125 0.5359375 0.0421875 0.046875
1 0.23515625 0.48125 0.0390625 0.040625
1 0.1640625 0.48515625 0.040625 0.05
1 0.77578125 0.68515625 0.046875 0.0484375
1 0.87890625 0.56015625 0.0421875 0.0453125
1 0.771875 0.55234375 0.05 0.05
1 0.68125 0.55703125 0.04375 0.05
1 0.55546875 0.53671875 0.059375 0.0609375
1 0.521875 0.53046875 0.0453125 0.053125
1 0.15078125 0.45 0.0375 0.04375
1 0.19296875 0.4578125 0.0390625 0.0421875
1 0.209375 0.475 0.0421875 0.046875
0 0.39375 0.5484375 0.0375 0.0421875
0 0.61953125 0.53671875 0.05 0.0546875