1 0.7515625 0.34765625 0.09375 0.1109375
1 0.33828125 0.2765625 0.0984375 0.1109375
1 0.5734375 0.29453125 0.0859375 0.1
1 0.4375 0.29765625 0.08125 0.0984375
1 0.49296875 0.26796875 0.0734375 0.090625
1 0.98359375 0.38046875 0.0328125 0.0765625
1 0.28671875 0.20625 0.0609375 0.0734375
1 0.96640625 0.34296875 0.0671875 0.0796875
1 0.1953125 0.196875 0.05625 0.065625
1 0.6046875 0.2640625 0.0734375 0.090625
1 0.5484375 0.0109375 0.0625 0.021875
1 0.9921875 0.11640625 0.015625 0.0484375
1 0.65234375 0.04375 0.0671875 0.0546875