1 0.7984375 0.73046875 0.06953125 0.08203125
1 0.78828125 0.59609375 0.0453125 0.0453125
0 0.10078125 0.49765625 0.05078125 0.0578125
0 0.24765625 0.5796875 0.071875 0.0625
0 0.16796875 0.5171875 0.0578125 0.0484375
0 0.134375 0.52890625 0.040625 0.040625
0 0.90859375 0.625 0.03359375 0.0359375
0 0.89453125 0.65859375 0.04296875 0.0453125
0 0.71640625 0.64453125 0.05078125 0.05546875
0 0.71171875 0.58203125 0.0359375 0.03828125
0 0.34375 0.64453125 0.07421875 0.06484375
0 0.4234375 0.59375 0.0578125 0.06015625
0 0.375 0.5625 0.0453125 0.053125
0 0.51953125 0.584375 0.040625 0.03359375
0 0.56953125 0.61328125 0.0453125 0.03828125
0 0.6203125 0.63203125 0.040625 0.053125
0 0.5 0.678125 0.0625 0.0578125
0 0.6703125 0.6296875 0.04296875 0.05078125
0 0.5578125 0.5671875 0.02890625 0.03359375