1 0.0140625 0.54609375 0.0265625 0.04375
1 0.06484375 0.54609375 0.03828125 0.040625
1 0.12265625 0.59609375 0.0453125 0.04609375
1 0.46171875 0.52890625 0.04296875 0.053125
1 0.3703125 0.56953125 0.03359375 0.040625
1 0.23828125 0.54609375 0.03125 0.03359375
1 0.1703125 0.5671875 0.03125 0.04375
1 0.8125 0.61328125 0.03828125 0.040625
1 0.88203125 0.46640625 0.03359375 0.03828125
1 0.7765625 0.48515625 0.040625 0.040625
1 0.68984375 0.51171875 0.03359375 0.04375
1 0.5625 0.521875 0.0484375 0.05078125
1 0.52890625 0.52421875 0.0359375 0.04609375
1 0.14921875 0.5359375 0.02890625 0.03828125
1 0.1921875 0.53359375 0.03125 0.0359375
1 0.21171875 0.54609375 0.03359375 0.040625
0 0.40859375 0.57265625 0.02890625 0.0359375
0 0.625 0.50703125 0.040625 0.04609375