1 0.7140625 0.2984375 0.07421875 0.0984375
1 0.2953125 0.31484375 0.0796875 0.09609375
1 0.52890625 0.28359375 0.06953125 0.08671875
1 0.396875 0.31484375 0.06484375 0.08671875
1 0.44453125 0.27421875 0.0578125 0.0796875
1 0.9640625 0.27890625 0.053125 0.0671875
1 0.23046875 0.25703125 0.0484375 0.06484375
1 0.92578125 0.25 0.0578125 0.06953125
1 0.1390625 0.2671875 0.0453125 0.0578125
1 0.553125 0.24765625 0.0578125 0.0796875
1 0.44609375 0.00859375 0.06015625 0.0171875
1 0.23203125 0.01328125 0.05078125 0.0265625
1 0.9265625 0.01796875 0.06015625 0.0359375
1 0.1390625 0.00703125 0.0484375 0.0140625
1 0.55390625 0.021875 0.06015625 0.04296875