1 0.77265625 0.76015625 0.078125 0.0890625
1 0.7765625 0.62578125 0.05 0.05
0 0.103125 0.45625 0.05625 0.0625
0 0.240625 0.553125 0.078125 0.0703125
0 0.16796875 0.48203125 0.0625 0.0546875
0 0.13359375 0.490625 0.0453125 0.0453125
0 0.89296875 0.6671875 0.0375 0.0390625
0 0.87578125 0.69921875 0.046875 0.05
0 0.7 0.66640625 0.05625 0.0609375
0 0.70234375 0.60390625 0.0390625 0.0421875
0 0.3296875 0.62734375 0.08125 0.071875
0 0.4140625 0.58515625 0.0640625 0.065625
0 0.36953125 0.54921875 0.05 0.0578125
0 0.5109375 0.5859375 0.04375 0.0375
0 0.55703125 0.6203125 0.0484375 0.0421875
0 0.60546875 0.64375 0.0453125 0.0578125
0 0.48125 0.67734375 0.06875 0.0640625
0 0.65546875 0.646875 0.0484375 0.0546875
0 0.55078125 0.57265625 0.0328125 0.0359375