1 0.5625 0.3765625 0.0609375 0.08125
1 0.409375 0.40546875 0.0515625 0.0703125
1 0.29140625 0.4078125 0.05 0.0703125
1 0.80625 0.39296875 0.0515625 0.0765625
1 0.4671875 0.396875 0.0546875 0.06875
1 0.69296875 0.41015625 0.05625 0.08125
1 0.88046875 0.39140625 0.1 0.1296875
1 0.1234375 0.4265625 0.0515625 0.0703125
1 0.06328125 0.409375 0.0546875 0.0640625
1 0.2171875 0.403125 0.05 0.059375
1 0.65234375 0.41328125 0.0390625 0.0609375
1 0.75546875 0.40859375 0.034375 0.0484375
1 0.325 0.42109375 0.034375 0.053125
0 0.95546875 0.40078125 0.05 0.0734375
1 0.60625 0.4046875 0.0375 0.053125
1 0.37578125 0.4109375 0.034375 0.0515625
1 0.55703125 0.03984375 0.0609375 0.0796875
1 0.40234375 0.0265625 0.0546875 0.0515625
1 0.28515625 0.02890625 0.0515625 0.0515625
1 0.79921875 0.0265625 0.0546875 0.053125
1 0.46171875 0.0296875 0.05625 0.059375
1 0.6859375 0.02109375 0.059375 0.0421875
1 0.87421875 0.0390625 0.1015625 0.078125
1 0.11640625 0.0234375 0.053125 0.034375
1 0.05703125 0.0328125 0.0578125 0.0515625
1 0.2109375 0.0296875 0.053125 0.0515625
1 0.6453125 0.015625 0.040625 0.03125
1 0.74921875 0.01328125 0.0359375 0.0265625
1 0.31953125 0.01796875 0.0359375 0.0296875
0 0.94921875 0.0203125 0.0515625 0.040625
1 0.59921875 0.01953125 0.0390625 0.0390625
1 0.3703125 0.0203125 0.0359375 0.0359375