1 0.65625 0.509375 0.1390625 0.13046875
1 0.9015625 0.35078125 0.18984375 0.221875
1 0.03828125 0.259375 0.0453125 0.053125
1 0.334375 0.45390625 0.04296875 0.05546875
1 0.4203125 0.44453125 0.0359375 0.0484375
1 0.50703125 0.446875 0.0453125 0.05546875
1 0.58203125 0.4421875 0.03359375 0.04609375
1 0.15390625 0.22890625 0.03828125 0.04609375
1 0.259375 0.2828125 0.053125 0.0578125
1 0.9015625 0.04453125 0.1921875 0.0890625
1 0.03828125 0.0671875 0.0453125 0.053125
1 0.15390625 0.0984375 0.03828125 0.04609375
1 0.259375 0.04375 0.053125 0.0578125