1 0.56484375 0.37734375 0.06015625 0.0796875
1 0.4109375 0.40390625 0.05078125 0.06953125
1 0.29296875 0.40390625 0.0484375 0.06953125
1 0.8078125 0.3984375 0.05078125 0.075
1 0.46875 0.39609375 0.053125 0.0671875
1 0.69453125 0.41328125 0.05546875 0.0796875
1 0.88203125 0.3984375 0.0984375 0.12734375
1 0.125 0.4203125 0.05078125 0.06953125
1 0.06484375 0.4015625 0.053125 0.0625
1 0.21875 0.3984375 0.0484375 0.0578125
1 0.65390625 0.415625 0.03828125 0.06015625
1 0.75703125 0.41328125 0.03359375 0.0484375
1 0.3265625 0.41796875 0.03359375 0.053125
0 0.95703125 0.40859375 0.0484375 0.07265625
1 0.6078125 0.40625 0.0359375 0.053125
1 0.37734375 0.40859375 0.03359375 0.05078125
1 0.56484375 0.040625 0.06015625 0.0796875
1 0.4109375 0.025 0.053125 0.05
1 0.29375 0.025 0.05 0.05
1 0.8078125 0.02890625 0.053125 0.0578125
1 0.4703125 0.02890625 0.05546875 0.0578125
1 0.69453125 0.02265625 0.0578125 0.0453125
1 0.88203125 0.0421875 0.10078125 0.084375
1 0.125 0.0171875 0.053125 0.03359375
1 0.065625 0.025 0.05625 0.05
1 0.21953125 0.025 0.0515625 0.05
1 0.6546875 0.0171875 0.040625 0.03359375
1 0.75859375 0.015625 0.0359375 0.03125
1 0.328125 0.01484375 0.0359375 0.02890625
0 0.9578125 0.02421875 0.05078125 0.0484375
1 0.6078125 0.0203125 0.03828125 0.040625
1 0.37890625 0.01796875 0.0359375 0.0359375