1 0.79375 0.20390625 0.1390625 0.15625
1 0.6625 0.2671875 0.109375 0.1171875
0 0.478125 0.30078125 0.0859375 0.0921875
0 0.10859375 0.3375 0.15 0.1578125
0 0.31875 0.28203125 0.0953125 0.115625
0 0.8875 0.21171875 0.090625 0.084375
0 0.17890625 0.34375 0.065625 0.103125
1 0.76640625 0.05390625 0.1390625 0.1078125
1 0.6234375 0.03515625 0.109375 0.0703125
0 0.4359375 0.0421875 0.0875 0.084375
0 0.0765625 0.12421875 0.15 0.14375
0 0.290625 0.103125 0.0953125 0.115625
0 0.853125 0.01796875 0.090625 0.0359375
0 0.1390625 0.0953125 0.065625 0.09375