1 0.865625 0.278125 0.084375 0.0984375
1 0.5671875 0.25078125 0.08203125 0.09140625
1 0.97109375 0.27109375 0.05078125 0.08203125
1 0.81953125 0.2828125 0.0578125 0.0796875
1 0.49296875 0.4203125 0.1296875 0.1421875
1 0.2140625 0.384375 0.0578125 0.0578125
1 0.71875 0.2828125 0.03359375 0.04609375
1 0.5578125 0.33359375 0.0453125 0.05546875
1 0.865625 0.053125 0.084375 0.0984375
1 0.5671875 0.08203125 0.08203125 0.09140625
1 0.97109375 0.06015625 0.05078125 0.08203125
1 0.81953125 0.0484375 0.0578125 0.0796875
1 0.71875 0.0484375 0.03359375 0.04609375
1 0.5578125 0.01328125 0.0484375 0.0265625