1 0.590625 0.3953125 0.0765625 0.090625
1 0.43515625 0.38671875 0.065625 0.0796875
1 0.31953125 0.36015625 0.0625 0.078125
1 0.82265625 0.4703125 0.065625 0.084375
1 0.49296875 0.39140625 0.0671875 0.078125
1 0.709375 0.459375 0.071875 0.090625
1 0.8953125 0.48671875 0.125 0.146875
1 0.15234375 0.33828125 0.065625 0.0796875
1 0.0984375 0.30625 0.065625 0.0734375
1 0.2484375 0.3375 0.0609375 0.0671875
1 0.66875 0.45234375 0.0515625 0.0671875
1 0.7703125 0.4734375 0.04375 0.0546875
1 0.34921875 0.38125 0.0453125 0.059375
0 0.965625 0.5140625 0.0640625 0.08125
1 0.62578125 0.4328125 0.046875 0.059375
1 0.40078125 0.38359375 0.04375 0.0578125
1 0.66640625 0.0671875 0.0765625 0.090625
1 0.5203125 0.0234375 0.0625 0.046875
1 0.40625 0.01015625 0.059375 0.0203125
1 0.90625 0.11015625 0.0640625 0.06875
1 0.57734375 0.034375 0.0671875 0.06875
1 0.796875 0.07890625 0.0671875 0.0578125
1 0.9578125 0.13984375 0.084375 0.1046875
1 0.759375 0.0640625 0.046875 0.0421875
1 0.8609375 0.0859375 0.0421875 0.0390625
1 0.71328125 0.05703125 0.046875 0.0484375
1 0.490625 0.0125 0.04375 0.025