1 0.83671875 0.25390625 0.11796875 0.13984375
1 0.696875 0.2953125 0.09375 0.10390625
0 0.509375 0.3 0.07421875 0.08203125
0 0.1390625 0.278125 0.1296875 0.13984375
0 0.35546875 0.25625 0.0796875 0.10390625
0 0.928125 0.27578125 0.0796875 0.07265625
0 0.20703125 0.2953125 0.05078125 0.09609375
1 0.83671875 0.07734375 0.11796875 0.13984375
1 0.696875 0.04453125 0.09609375 0.0890625
0 0.509375 0.0375 0.0765625 0.075
0 0.140625 0.0625 0.13203125 0.125
0 0.35546875 0.075 0.0796875 0.10390625
0 0.928125 0.05546875 0.0796875 0.07265625
0 0.20703125 0.04375 0.053125 0.08671875