1 0.81640625 0.2125 0.1015625 0.1125
1 0.51875 0.2421875 0.0984375 0.1046875
1 0.91875 0.18515625 0.065625 0.090625
1 0.771875 0.22578125 0.071875 0.0890625
1 0.478125 0.4234375 0.1546875 0.1640625
1 0.196875 0.44140625 0.0671875 0.0671875
1 0.6734375 0.2453125 0.0421875 0.0515625
1 0.525 0.32578125 0.0546875 0.0625
1 0.77265625 0.0234375 0.1015625 0.046875
1 0.4859375 0.0765625 0.0984375 0.1046875
1 0.878125 0.01171875 0.065625 0.0234375
1 0.7265625 0.0203125 0.071875 0.040625
1 0.62890625 0.0203125 0.0421875 0.040625
1 0.4640625 0.0140625 0.053125 0.028125