1 0.8984375 0.3453125 0.1 0.1109375
1 0.609375 0.26640625 0.096875 0.1046875
1 0.9859375 0.35546875 0.028125 0.0890625
1 0.85234375 0.34140625 0.0703125 0.0890625
1 0.50703125 0.4203125 0.153125 0.1625
1 0.23828125 0.33671875 0.0671875 0.0671875
1 0.753125 0.32421875 0.040625 0.0515625
1 0.5859375 0.34609375 0.0546875 0.0625
1 0.9375 0.1234375 0.1 0.1109375
1 0.6390625 0.1 0.096875 0.1046875
1 0.89296875 0.1109375 0.0703125 0.0890625
1 0.79375 0.09296875 0.040625 0.0515625
1 0.64140625 0.03046875 0.0515625 0.034375