1 0.790625 0.28515625 0.0578125 0.0578125
1 0.11796875 0.48046875 0.040625 0.05546875
1 0.45703125 0.54609375 0.0484375 0.05078125
1 0.47109375 0.51953125 0.0484375 0.04609375
1 0.84375 0.31953125 0.02890625 0.03828125
1 0.73828125 0.43046875 0.0453125 0.03828125
1 0.553125 0.33828125 0.0140625 0.0171875
1 0.490625 0.34375 0.01953125 0.01953125
1 0.51171875 0.3359375 0.0171875 0.01953125
1 0.53125 0.340625 0.0140625 0.0171875
1 0.790625 0.04609375 0.0578125 0.0578125
1 0.8453125 0.0171875 0.03125 0.03359375
1 0.51171875 0.00390625 0.01953125 0.00703125