1 0.6515625 0.5390625 0.1609375 0.1546875
1 0.90390625 0.43046875 0.1921875 0.2546875
1 0.09296875 0.17578125 0.0546875 0.0609375
1 0.34609375 0.4234375 0.053125 0.0625
1 0.43203125 0.43046875 0.04375 0.0546875
1 0.5171875 0.44921875 0.0546875 0.0625
1 0.59140625 0.45859375 0.0421875 0.0515625
1 0.21171875 0.16796875 0.046875 0.053125
1 0.30546875 0.240625 0.0625 0.0671875
1 0.9390625 0.12890625 0.121875 0.1234375
1 0.12890625 0.00859375 0.0546875 0.0171875
1 0.23671875 0.03984375 0.046875 0.053125
1 0.35 0.01953125 0.0625 0.0390625