1 0.809375 0.2203125 0.13125 0.1515625
1 0.67421875 0.27578125 0.1046875 0.1125
0 0.48828125 0.3 0.0828125 0.0890625
0 0.11796875 0.3171875 0.14375 0.153125
0 0.33046875 0.27265625 0.090625 0.1109375
0 0.90234375 0.23203125 0.0875 0.08125
0 0.1875 0.32734375 0.0609375 0.1015625
1 0.790625 0.06015625 0.13125 0.1203125
1 0.64765625 0.0375 0.1046875 0.075
0 0.4609375 0.03984375 0.084375 0.0796875
0 0.096875 0.10234375 0.14375 0.1375
0 0.31171875 0.0921875 0.090625 0.1109375
0 0.8796875 0.0265625 0.0875 0.053125
0 0.1609375 0.0765625 0.0625 0.0921875