1 0.19765625 0.4 0.071875 0.075
1 0.89140625 0.53046875 0.05 0.0625
0 0.93359375 0.5390625 0.0546875 0.065625
1 0.9015625 0.484375 0.0390625 0.0515625
1 0.81640625 0.50703125 0.0328125 0.053125
0 0.7859375 0.5015625 0.0484375 0.053125
0 0.29296875 0.41171875 0.0515625 0.05625
0 0.38515625 0.46875 0.040625 0.040625
0 0.415625 0.4578125 0.03125 0.0484375
0 0.4421875 0.45703125 0.0390625 0.05625
1 0.50078125 0.45703125 0.0359375 0.0578125
0 0.53203125 0.45859375 0.0453125 0.0625
0 0.6359375 0.4921875 0.05625 0.0703125
0 0.57578125 0.4734375 0.040625 0.0609375
0 0.66640625 0.484375 0.040625 0.0609375