1 0.56171875 0.44375 0.0875 0.1171875
1 0.40078125 0.3578125 0.0515625 0.0625
1 0.3015625 0.43515625 0.0359375 0.0421875
1 0.26953125 0.41796875 0.028125 0.034375
1 0.16171875 0.3390625 0.028125 0.034375
1 0.03515625 0.36796875 0.0234375 0.034375
1 0.25 0.334375 0.021875 0.0328125
1 0.36640625 0.33359375 0.040625 0.05
1 0.68515625 0.309375 0.01875 0.0296875
1 0.8015625 0.2859375 0.0265625 0.0390625
1 0.14453125 0.02265625 0.0296875 0.0109375
1 0.23515625 0.0171875 0.021875 0.0078125
1 0.35078125 0.01328125 0.040625 0.0140625
1 0.7875 0.0078125 0.028125 0.015625