1 0.25703125 0.7546875 0.09375 0.0984375
1 0.0765625 0.65390625 0.0984375 0.09609375
1 0.5796875 0.8125 0.084375 0.08671875
1 0.396875 0.44921875 0.06953125 0.071875
1 0.665625 0.55546875 0.071875 0.071875
1 0.78828125 0.28125 0.06015625 0.06484375
1 0.7765625 0.678125 0.0796875 0.0671875
1 0.6078125 0.51953125 0.05078125 0.06484375
1 0.375 0.39453125 0.06015625 0.06015625
1 0.28125 0.4375 0.06953125 0.06484375
1 0.5265625 0.53125 0.053125 0.06484375
1 0.72578125 0.81015625 0.09140625 0.08671875
1 0.8703125 0.7453125 0.0890625 0.06953125
1 0.90390625 0.24296875 0.0625 0.06953125
1 0.915625 0.16796875 0.05546875 0.0578125
1 0.86796875 0.15625 0.0578125 0.03828125
1 0.25703125 0.9578125 0.09609375 0.0796875
1 0.5796875 0.9109375 0.084375 0.08671875
1 0.78828125 0.0109375 0.0625 0.021875
1 0.72578125 0.91328125 0.09140625 0.08671875
1 0.8703125 0.9703125 0.09140625 0.05546875
1 0.9046875 0.03125 0.06484375 0.0625
1 0.915625 0.10078125 0.05546875 0.0578125
1 0.86796875 0.11328125 0.0578125 0.03828125