0 0.209375 0.4625 0.0609375 0.0640625
0 0.40234375 0.46015625 0.0359375 0.0390625
0 0.478125 0.4484375 0.0375 0.040625
0 0.553125 0.4421875 0.0390625 0.0453125
0 0.66015625 0.428125 0.0375 0.040625
0 0.70390625 0.42890625 0.0375 0.040625
0 0.7375 0.43046875 0.0359375 0.0359375
0 0.80390625 0.415625 0.040625 0.0515625
0 0.8546875 0.38671875 0.0359375 0.0359375
0 0.86171875 0.4125 0.0484375 0.0484375
0 0.90703125 0.38203125 0.034375 0.0453125
0 0.93203125 0.39453125 0.0296875 0.0359375
0 0.98046875 0.39296875 0.021875 0.05625