1 0.065625 0.35 0.10625 0.1421875
1 0.12890625 0.37734375 0.0953125 0.128125
1 0.22734375 0.390625 0.1421875 0.1609375
1 0.36640625 0.4171875 0.1203125 0.15
1 0.34296875 0.3578125 0.1078125 0.1375
1 0.53359375 0.42890625 0.109375 0.134375
1 0.5109375 0.3890625 0.0859375 0.0953125
1 0.65625 0.48671875 0.115625 0.1421875
1 0.78359375 0.44453125 0.1453125 0.16875
1 0.6609375 0.4015625 0.10625 0.1046875
1 0.8890625 0.5234375 0.0984375 0.0984375
1 0.9625 0.4859375 0.075 0.171875
0 0.48046875 0.46796875 0.1109375 0.1234375
1 0.459375 0.02109375 0.10625 0.0421875
1 0.42109375 0.040625 0.1046875 0.08125
1 0.62109375 0.053125 0.1015625 0.0921875
1 0.5875 0.05703125 0.0859375 0.0953125
1 0.7515625 0.0703125 0.1 0.06875
1 0.85703125 0.1359375 0.14375 0.153125
1 0.728125 0.1109375 0.10625 0.1046875
1 0.96875 0.121875 0.0625 0.0625