1 0.0640625 0.3859375 0.1046875 0.1203125
1 0.4859375 0.3140625 0.08125 0.1
1 0.6828125 0.29453125 0.0796875 0.0859375
1 0.25859375 0.3796875 0.084375 0.0953125
1 0.84296875 0.24921875 0.103125 0.1234375
1 0.36171875 0.33046875 0.0734375 0.1
1 0.4328125 0.365625 0.0421875 0.05625
1 0.54609375 0.33671875 0.0484375 0.0640625
1 0.63046875 0.32734375 0.05625 0.0703125
1 0.77890625 0.2984375 0.0578125 0.065625
1 0.0328125 0.1265625 0.065625 0.096875
1 0.43125 0.0359375 0.078125 0.071875
1 0.1984375 0.06953125 0.078125 0.0515625
1 0.31015625 0.0640625 0.071875 0.08125
1 0.48203125 0.00625 0.0421875 0.0125