1 0.7359375 0.34140625 0.09375 0.11328125
1 0.834375 0.37734375 0.05546875 0.084375
0 0.22109375 0.34375 0.103125 0.1296875
0 0.15625 0.3890625 0.0625 0.06484375
0 0.43515625 0.39921875 0.05546875 0.06015625
0 0.5984375 0.39921875 0.053125 0.06015625
0 0.2953125 0.3703125 0.0453125 0.06484375
0 0.8796875 0.3703125 0.06015625 0.0765625
1 0.7359375 0.09140625 0.09375 0.11328125
1 0.834375 0.05546875 0.05546875 0.084375
0 0.22109375 0.0890625 0.103125 0.1296875
0 0.15625 0.04296875 0.0625 0.06484375
0 0.43515625 0.03359375 0.05546875 0.06015625
0 0.5984375 0.03359375 0.053125 0.06015625
0 0.2953125 0.0625 0.0453125 0.06484375
0 0.8796875 0.0625 0.06015625 0.0765625