1 0.74375 0.35390625 0.1 0.11875
1 0.840625 0.3953125 0.059375 0.0875
0 0.2296875 0.3296875 0.109375 0.134375
0 0.1625 0.37109375 0.065625 0.06875
0 0.440625 0.39609375 0.0578125 0.0625
0 0.60390625 0.4046875 0.05625 0.0625
0 0.30234375 0.36015625 0.0484375 0.0671875
0 0.8859375 0.390625 0.0640625 0.0796875
1 0.75703125 0.1046875 0.1 0.11875
1 0.85703125 0.0734375 0.059375 0.0875
0 0.24296875 0.075 0.109375 0.134375
0 0.1796875 0.0296875 0.065625 0.059375
0 0.45859375 0.03046875 0.0578125 0.0609375
0 0.62265625 0.0390625 0.05625 0.0625
0 0.31875 0.05234375 0.0484375 0.0671875
0 0.90234375 0.0828125 0.0640625 0.0796875