0 0.33125 0.28125 0.1734375 0.1890625
0 0.70703125 0.3875 0.1765625 0.190625
0 0.921875 0.46796875 0.1421875 0.1578125
0 0.51015625 0.37890625 0.0765625 0.09375
0 0.59609375 0.35234375 0.1203125 0.1421875
0 0.42578125 0.371875 0.09375 0.1203125
0 0.38046875 0.3734375 0.0546875 0.0796875
0 0.0921875 0.27890625 0.1328125 0.1890625
0 0.40234375 0.03046875 0.1578125 0.0609375
0 0.7796875 0.09140625 0.1578125 0.1046875
0 0.97265625 0.12890625 0.0546875 0.0609375
0 0.66953125 0.05859375 0.1078125 0.08125