1 0.07265625 0.35546875 0.0984375 0.115625
1 0.49921875 0.31328125 0.075 0.096875
1 0.696875 0.3078125 0.0765625 0.0828125
1 0.2671875 0.36328125 0.0796875 0.0921875
1 0.859375 0.27421875 0.096875 0.11875
1 0.37421875 0.32109375 0.06875 0.0984375
1 0.4421875 0.36171875 0.0390625 0.0546875
1 0.5578125 0.340625 0.0453125 0.0625
1 0.6421875 0.33671875 0.053125 0.0671875
1 0.7921875 0.31875 0.0546875 0.0640625
1 0.0453125 0.09296875 0.090625 0.0921875
1 0.4640625 0.03359375 0.075 0.0671875
1 0.66015625 0.0078125 0.0734375 0.015625
1 0.22890625 0.04921875 0.0765625 0.046875
1 0.825 0.0140625 0.09375 0.028125
1 0.34140625 0.05234375 0.0671875 0.078125
1 0.51640625 0.00546875 0.0421875 0.0109375