1 0.09375 0.3046875 0.08671875 0.10625
1 0.521875 0.31484375 0.06484375 0.0890625
1 0.71875 0.33359375 0.0671875 0.075
1 0.2859375 0.3359375 0.06953125 0.084375
1 0.884375 0.31953125 0.084375 0.10859375
1 0.396875 0.30703125 0.0578125 0.09140625
1 0.459375 0.35546875 0.03359375 0.05078125
1 0.5765625 0.3484375 0.03828125 0.0578125
1 0.6609375 0.35546875 0.0453125 0.0625
1 0.8125 0.35546875 0.0484375 0.0578125
1 0.09453125 0.040625 0.0890625 0.08125
1 0.521875 0.03125 0.0671875 0.0625
1 0.7203125 0.01796875 0.06953125 0.0359375
1 0.2859375 0.01953125 0.071875 0.03828125
1 0.884375 0.03359375 0.08671875 0.0671875
1 0.396875 0.0359375 0.059375 0.071875
1 0.578125 0.00703125 0.040625 0.0140625