1 0.33125 0.80859375 0.115625 0.11875
1 0.13046875 0.75859375 0.1203125 0.11875
1 0.6578125 0.78125 0.1046875 0.10625
1 0.3875 0.47734375 0.0859375 0.0875
1 0.67421875 0.5109375 0.0875 0.0875
1 0.721875 0.2140625 0.075 0.078125
1 0.81328125 0.60078125 0.09375 0.0859375
1 0.609375 0.490625 0.065625 0.075
1 0.35234375 0.43046875 0.0734375 0.0734375
1 0.27265625 0.49609375 0.084375 0.08125
1 0.53359375 0.5234375 0.06875 0.0765625
1 0.7984375 0.74140625 0.1109375 0.1078125
1 0.92109375 0.64140625 0.1046875 0.090625
1 0.8234375 0.146875 0.078125 0.0828125
1 0.815625 0.071875 0.06875 0.0703125
1 0.76640625 0.07265625 0.065625 0.0515625
1 0.38359375 0.97734375 0.1140625 0.0453125
1 0.68359375 0.8765625 0.1046875 0.10625
1 0.825 0.840625 0.1109375 0.1078125
1 0.9640625 0.85859375 0.071875 0.0765625
1 0.7984375 0.02109375 0.06875 0.0421875
1 0.75546875 0.03125 0.065625 0.0515625