0 0.28359375 0.32890625 0.1390625 0.159375
0 0.6734375 0.340625 0.1421875 0.16171875
0 0.9015625 0.3671875 0.11328125 0.13515625
0 0.48046875 0.3796875 0.0578125 0.08203125
0 0.5578125 0.33359375 0.09375 0.12265625
0 0.396875 0.39375 0.06953125 0.10625
0 0.353125 0.40625 0.03828125 0.07265625
0 0.05078125 0.384375 0.09375 0.17109375
0 0.28515625 0.0421875 0.1421875 0.084375
0 0.67265625 0.0359375 0.1453125 0.071875
0 0.9015625 0.0171875 0.115625 0.03359375
0 0.5578125 0.03046875 0.09609375 0.06015625
0 0.05078125 0.0171875 0.09609375 0.03359375