1 0.56484375 0.446875 0.08203125 0.11328125
1 0.40859375 0.353125 0.0484375 0.06015625
1 0.30546875 0.425 0.03359375 0.040625
1 0.27421875 0.40625 0.0265625 0.03359375
1 0.1703125 0.321875 0.0265625 0.03359375
1 0.04296875 0.34375 0.021875 0.03359375
1 0.259375 0.321875 0.01953125 0.03125
1 0.375 0.3265625 0.03828125 0.0484375
1 0.69453125 0.31953125 0.0171875 0.02890625
1 0.8125 0.30234375 0.02421875 0.03828125
1 0.1703125 0.0046875 0.02890625 0.009375
1 0.2609375 0.00390625 0.021875 0.00703125
1 0.3765625 0.00625 0.040625 0.01171875
1 0.69453125 0.0046875 0.01953125 0.009375
1 0.8140625 0.015625 0.0265625 0.03125