1 0.55234375 0.434375 0.103125 0.128125
1 0.3796875 0.375 0.059375 0.06875
1 0.29375 0.4671875 0.040625 0.046875
1 0.259375 0.45546875 0.0328125 0.0390625
1 0.140625 0.39453125 0.0328125 0.0390625
1 0.0203125 0.4421875 0.028125 0.0375
1 0.22734375 0.37578125 0.025 0.034375
1 0.34140625 0.35625 0.046875 0.0546875
1 0.653125 0.2828125 0.0234375 0.03125
1 0.76484375 0.24140625 0.03125 0.0421875
1 0.07421875 0.084375 0.0296875 0.015625
1 0.16328125 0.0640625 0.0234375 0.0109375
1 0.2765625 0.04296875 0.0421875 0.0203125