1 0.70859375 0.30625 0.1109375 0.1265625
1 0.8109375 0.3265625 0.06875 0.0921875
0 0.2 0.3890625 0.121875 0.14375
0 0.14296875 0.44453125 0.071875 0.0734375
0 0.4203125 0.4109375 0.0640625 0.06875
0 0.58125 0.38515625 0.0625 0.0671875
0 0.27734375 0.40390625 0.0546875 0.071875
0 0.8546875 0.3125 0.071875 0.084375
1 0.66796875 0.0609375 0.1109375 0.121875
1 0.7609375 0.02734375 0.06875 0.0546875
0 0.16015625 0.1375 0.121875 0.14375
0 0.0890625 0.10234375 0.071875 0.0734375
0 0.36328125 0.04921875 0.0640625 0.06875
0 0.5234375 0.02890625 0.0625 0.0578125
0 0.2296875 0.1 0.0546875 0.071875
0 0.80625 0.025 0.071875 0.05