1 0.1828125 0.4703125 0.071875 0.0734375
1 0.88828125 0.4421875 0.0484375 0.0625
0 0.93125 0.440625 0.0546875 0.065625
1 0.88828125 0.39375 0.0390625 0.0515625
1 0.81015625 0.4359375 0.03125 0.053125
0 0.77890625 0.43671875 0.0484375 0.053125
0 0.278125 0.46015625 0.05 0.0546875
0 0.38125 0.4953125 0.0390625 0.0390625
0 0.4078125 0.478125 0.03125 0.0484375
0 0.434375 0.47109375 0.0390625 0.05625
1 0.490625 0.4578125 0.034375 0.0578125
0 0.521875 0.45234375 0.04375 0.0609375
0 0.63125 0.46171875 0.0546875 0.0703125
0 0.56796875 0.45703125 0.0390625 0.0609375
0 0.65859375 0.446875 0.0390625 0.0609375