1 0.04296875 0.490625 0.0859375 0.134375
1 0.109375 0.4984375 0.08125 0.121875
1 0.20625 0.48046875 0.125 0.1484375
1 0.346875 0.4625 0.1046875 0.1390625
1 0.30625 0.41328125 0.0921875 0.1296875
1 0.51015625 0.421875 0.09375 0.125
1 0.4765625 0.390625 0.0765625 0.0875
1 0.64453125 0.4390625 0.1 0.1328125
1 0.753125 0.359375 0.128125 0.15625
1 0.62265625 0.35703125 0.096875 0.09375
1 0.87734375 0.4015625 0.0890625 0.0890625
1 0.94921875 0.33984375 0.08125 0.165625
0 0.47109375 0.47578125 0.0984375 0.1125
1 0.02265625 0.065625 0.0453125 0.05625
1 0.07109375 0.053125 0.0765625 0.040625
1 0.16953125 0.0546875 0.1203125 0.0640625
1 0.309375 0.0421875 0.1015625 0.0625
1 0.278125 0.06953125 0.09375 0.109375
1 0.47578125 0.0390625 0.0921875 0.078125
1 0.446875 0.0515625 0.0765625 0.0875
1 0.60546875 0.02109375 0.0953125 0.0421875
1 0.7265625 0.05625 0.128125 0.1125
1 0.59609375 0.059375 0.096875 0.09375
1 0.8421875 0.00859375 0.0875 0.0171875
1 0.9234375 0.0515625 0.08125 0.103125