0 0.2140625 0.4375 0.05546875 0.06015625
0 0.40625 0.4515625 0.03359375 0.0359375
0 0.4828125 0.446875 0.03359375 0.03828125
0 0.5578125 0.446875 0.0359375 0.04296875
0 0.665625 0.4421875 0.03359375 0.03828125
0 0.709375 0.446875 0.03359375 0.03828125
0 0.74296875 0.4515625 0.03359375 0.03359375
0 0.81015625 0.4421875 0.0359375 0.0484375
0 0.86328125 0.41796875 0.03359375 0.03359375
0 0.86796875 0.44453125 0.0453125 0.0453125
0 0.915625 0.41796875 0.03125 0.04296875
0 0.93984375 0.4328125 0.0265625 0.03359375
0 0.98828125 0.43515625 0.0171875 0.05546875