1 0.22421875 0.71875 0.10625 0.1109375
1 0.059375 0.59375 0.1109375 0.109375
1 0.53515625 0.8203125 0.0953125 0.096875
1 0.4046875 0.43515625 0.078125 0.08125
1 0.65625 0.578125 0.08125 0.08125
1 0.815625 0.3234375 0.06875 0.071875
1 0.74921875 0.71484375 0.0875 0.078125
1 0.60390625 0.534375 0.059375 0.071875
1 0.390625 0.378125 0.0671875 0.0671875
1 0.2921875 0.4078125 0.078125 0.0734375
1 0.521875 0.534375 0.0609375 0.071875
1 0.68046875 0.83828125 0.103125 0.0984375
1 0.8328125 0.79453125 0.0984375 0.08125
1 0.9359375 0.3015625 0.071875 0.078125
1 0.9578125 0.22890625 0.0625 0.065625
1 0.9125 0.2109375 0.0625 0.0453125
1 0.1953125 0.91953125 0.10625 0.0921875
1 0.521875 0.91796875 0.0953125 0.096875
1 0.85390625 0.05546875 0.065625 0.0296875
1 0.66640625 0.940625 0.103125 0.0984375
1 0.80078125 0.99140625 0.0984375 0.0171875
1 0.9640625 0.09140625 0.071875 0.0703125
1 0.9671875 0.1625 0.0625 0.065625
1 0.91796875 0.16796875 0.0625 0.0453125