1 0.40390625 0.2328125 0.2359375 0.2953125
1 0.1953125 0.13671875 0.18828125 0.196875
1 0.5671875 0.18046875 0.16640625 0.19453125
1 0.678125 0.28359375 0.08203125 0.1078125
1 0.853125 0.11328125 0.08671875 0.21875
0 0.67578125 0.03828125 0.0625 0.07421875
0 0.5578125 0.04296875 0.0625 0.084375
0 0.61328125 0.03359375 0.04609375 0.0625
0 0.51953125 0.0453125 0.03828125 0.053125
0 0.78515625 0.0796875 0.04609375 0.05078125
0 0.425 0.05546875 0.03828125 0.0453125
1 0.04921875 0.13828125 0.0984375 0.19921875
1 0.946875 0.11328125 0.08671875 0.21875