1 0.68671875 0.38125 0.078125 0.09375
0 0.26015625 0.28125 0.0796875 0.0984375
0 0.575 0.36875 0.0859375 0.1
0 0.81328125 0.4109375 0.134375 0.15
0 0.32421875 0.30234375 0.0875 0.1046875
0 0.43046875 0.275 0.115625 0.1375
0 0.94921875 0.43828125 0.1015625 0.1296875
0 0.49921875 0.36484375 0.0609375 0.075
0 0.7640625 0.4171875 0.075 0.1125
1 0.7453125 0.04765625 0.0703125 0.034375
0 0.3125 0.00703125 0.075 0.0140625
0 0.63515625 0.02578125 0.075 0.03125
0 0.871875 0.078125 0.1203125 0.059375
0 0.3796875 0.0109375 0.08125 0.021875
0 0.471875 0.04921875 0.115625 0.0984375
0 0.98203125 0.0984375 0.0359375 0.046875