1 0.46171875 0.21875 0.2921875 0.3375
1 0.2765625 0.0984375 0.225 0.196875
1 0.63203125 0.2015625 0.203125 0.225
1 0.71953125 0.325 0.103125 0.121875
1 0.92578125 0.1953125 0.1296875 0.23125
0 0.76796875 0.08515625 0.0765625 0.0859375
0 0.6515625 0.06484375 0.078125 0.0953125
0 0.7078125 0.0671875 0.0578125 0.0703125
0 0.61328125 0.059375 0.0484375 0.059375
0 0.86640625 0.1484375 0.05625 0.059375
0 0.51875 0.04921875 0.046875 0.0515625
1 0.134375 0.0796875 0.1375 0.159375
1 0.97578125 0.2140625 0.0484375 0.23125