1 0.69453125 0.39453125 0.0828125 0.096875
0 0.27578125 0.265625 0.084375 0.1015625
0 0.58359375 0.37421875 0.090625 0.103125
0 0.81875 0.4328125 0.1421875 0.15625
0 0.3390625 0.290625 0.0921875 0.1078125
0 0.44609375 0.27109375 0.1234375 0.1421875
0 0.94921875 0.4703125 0.1015625 0.134375
0 0.50859375 0.365625 0.065625 0.078125
0 0.76875 0.4359375 0.08125 0.1140625
1 0.7765625 0.065625 0.0703125 0.0390625
0 0.66796875 0.0359375 0.0765625 0.0359375
0 0.9 0.10546875 0.121875 0.0671875
0 0.41640625 0.00859375 0.0828125 0.0171875
0 0.50390625 0.05 0.1203125 0.1