1 0.66328125 0.35078125 0.06484375 0.084375
0 0.22578125 0.3265625 0.06484375 0.0890625
0 0.55078125 0.3578125 0.071875 0.0890625
0 0.79296875 0.3578125 0.11328125 0.1328125
0 0.29296875 0.3359375 0.071875 0.09375
0 0.3921875 0.290625 0.09609375 0.12265625
0 0.9375 0.36015625 0.09375 0.115625
0 0.47578125 0.3671875 0.05078125 0.0671875
0 0.7453125 0.37265625 0.0578125 0.10390625
1 0.66328125 0.01171875 0.0671875 0.0234375
0 0.22578125 0.025 0.0671875 0.05
0 0.55078125 0.009375 0.0734375 0.01875
0 0.79296875 0.0203125 0.115625 0.040625
0 0.29453125 0.021875 0.07421875 0.04375
0 0.39296875 0.0515625 0.0984375 0.103125
0 0.9375 0.015625 0.09609375 0.03125