0 0.9203125 0.5109375 0.0890625 0.096875
0 0.70703125 0.44375 0.0734375 0.0828125
0 0.65234375 0.43359375 0.0671875 0.0734375
0 0.5515625 0.40234375 0.06875 0.071875
0 0.78671875 0.47265625 0.0578125 0.065625
0 0.13515625 0.3 0.05625 0.05625
0 0.1078125 0.28359375 0.0375 0.0421875
0 0.315625 0.35078125 0.05625 0.0578125
0 0.42109375 0.37734375 0.0484375 0.0609375
0 0.44453125 0.39765625 0.0359375 0.046875
0 0.9921875 0.13046875 0.015625 0.0359375
0 0.80546875 0.07421875 0.0640625 0.034375
0 0.7546875 0.05703125 0.05625 0.025
0 0.65078125 0.03046875 0.059375 0.028125