1 0.38125 0.2421875 0.2609375 0.3140625
1 0.16484375 0.16484375 0.2046875 0.2125
1 0.5390625 0.17578125 0.1828125 0.2078125
1 0.65859375 0.26875 0.090625 0.1140625
1 0.81796875 0.09765625 0.1046875 0.1953125
0 0.634375 0.03203125 0.06875 0.0640625
0 0.51796875 0.0421875 0.0703125 0.084375
0 0.57109375 0.02890625 0.0515625 0.0578125
0 0.4796875 0.0453125 0.0421875 0.05625
0 0.74765625 0.05625 0.05 0.0546875
0 0.38671875 0.0640625 0.0421875 0.0484375
1 0.03828125 0.17890625 0.0765625 0.2078125
1 0.91171875 0.09375 0.1046875 0.1875