0 0.90859375 0.4015625 0.06953125 0.08203125
0 0.68515625 0.3921875 0.0578125 0.06953125
0 0.6296875 0.396875 0.053125 0.0625
0 0.52421875 0.3921875 0.05546875 0.06015625
0 0.76953125 0.39921875 0.0453125 0.05546875
0 0.09609375 0.4015625 0.0453125 0.0453125
0 0.06484375 0.3921875 0.02890625 0.0359375
0 0.28359375 0.40390625 0.0453125 0.0484375
0 0.3921875 0.4015625 0.0359375 0.053125
0 0.4203125 0.415625 0.0265625 0.040625
0 0.90859375 0.00859375 0.071875 0.0171875
0 0.68515625 0.009375 0.0609375 0.01875
0 0.63125 0.00625 0.05546875 0.01171875
0 0.52421875 0.00703125 0.0578125 0.0140625