1 0.12734375 0.40703125 0.1046875 0.109375
1 0.2 0.3625 0.0765625 0.0921875
1 0.4671875 0.35625 0.0515625 0.0578125
0 0.26171875 0.38359375 0.0671875 0.0671875
0 0.38203125 0.384375 0.0609375 0.075
0 0.4953125 0.41953125 0.0765625 0.0796875
0 0.54375 0.36328125 0.05625 0.05625
0 0.60625 0.35703125 0.0390625 0.05
0 0.725 0.45078125 0.0484375 0.0578125
0 0.69375 0.3390625 0.053125 0.0578125
1 0.07421875 0.10859375 0.103125 0.0953125
1 0.15625 0.11640625 0.0765625 0.0921875
1 0.4109375 0.0328125 0.053125 0.05625
0 0.2078125 0.07578125 0.0671875 0.0671875
0 0.32265625 0.046875 0.0609375 0.053125
0 0.4828125 0.01328125 0.05625 0.0265625
0 0.5421875 0.0046875 0.0375 0.009375