1 0.40625 0.390625 0.053125 0.071875
1 0.0453125 0.41953125 0.0515625 0.06875
1 0.15859375 0.49609375 0.0625 0.065625
1 0.378125 0.265625 0.040625 0.0453125
1 0.3578125 0.23828125 0.0421875 0.0578125
1 0.5921875 0.5453125 0.0515625 0.0703125
1 0.7734375 0.58203125 0.0625 0.0640625
1 0.57109375 0.43125 0.053125 0.0640625
1 0.62890625 0.45 0.0609375 0.0734375
1 0.8015625 0.478125 0.0578125 0.065625
1 0.84296875 0.4796875 0.0390625 0.053125
1 0.4203125 0.02109375 0.040625 0.0421875
1 0.39296875 0.0390625 0.0421875 0.0578125