1 0.3703125 0.43828125 0.0578125 0.0734375
1 0.05234375 0.61171875 0.0546875 0.0703125
1 0.18671875 0.63515625 0.065625 0.06875
1 0.29296875 0.3359375 0.0421875 0.046875
1 0.2640625 0.31875 0.0453125 0.059375
1 0.60234375 0.50390625 0.0546875 0.0734375
1 0.78359375 0.4640625 0.065625 0.0671875
1 0.53671875 0.40859375 0.05625 0.0671875
1 0.596875 0.4015625 0.065625 0.075
1 0.76640625 0.35703125 0.0609375 0.0671875
1 0.80546875 0.34140625 0.0421875 0.0546875
1 0.2328125 0.09296875 0.0421875 0.046875
1 0.21484375 0.12265625 0.0453125 0.059375