1 0.77265625 0.2859375 0.0859375 0.0890625
1 0.93828125 0.42734375 0.0953125 0.08125
1 0.45703125 0.3390625 0.059375 0.0609375
1 0.3921875 0.44375 0.06875 0.0609375
1 0.72109375 0.32890625 0.096875 0.0953125
1 0.94453125 0.3609375 0.0734375 0.0765625
1 0.21953125 0.503125 0.0484375 0.040625
1 0.1703125 0.49921875 0.0453125 0.046875
1 0.45390625 0.4203125 0.040625 0.05
1 0.75234375 0.38046875 0.0609375 0.06875
1 0.2453125 0.39609375 0.0390625 0.0390625
1 0.19609375 0.409375 0.040625 0.034375
1 0.12265625 0.5078125 0.04375 0.0421875
1 0.57734375 0.40078125 0.05625 0.0578125
1 0.23671875 0.4734375 0.040625 0.0390625
1 0.2953125 0.4453125 0.034375 0.0359375
1 0.73203125 0.05859375 0.0859375 0.0890625
1 0.41796875 0.11640625 0.059375 0.0609375
1 0.32265625 0.04609375 0.06875 0.053125
1 0.66875 0.04140625 0.096875 0.0828125
1 0.14296875 0.059375 0.0453125 0.0140625
1 0.096875 0.07421875 0.04375 0.028125
1 0.3875 0.04140625 0.040625 0.05
1 0.68203125 0.00625 0.0609375 0.0125
1 0.19921875 0.1359375 0.0390625 0.0390625
1 0.1484375 0.13984375 0.040625 0.034375
1 0.0484375 0.08125 0.04375 0.025
1 0.509375 0.02265625 0.05625 0.0453125
1 0.165625 0.06875 0.04375 0.0390625
1 0.2296875 0.071875 0.034375 0.0359375