1 0.11640625 0.38828125 0.065625 0.075
1 0.3640625 0.38203125 0.0609375 0.0625
1 0.65546875 0.38046875 0.0515625 0.0609375
1 0.446875 0.36015625 0.05625 0.0625
1 0.034375 0.33359375 0.05625 0.096875
1 0.22265625 0.37734375 0.053125 0.0578125
1 0.17109375 0.38203125 0.0421875 0.046875
1 0.8796875 0.42109375 0.0484375 0.0578125
1 0.98203125 0.396875 0.0359375 0.084375
1 0.9640625 0.37734375 0.0359375 0.0421875
1 0.4796875 0.378125 0.0359375 0.0453125
1 0.04609375 0.3796875 0.04375 0.0578125
1 0.88359375 0.39296875 0.0359375 0.0421875
1 0.1359375 0.021875 0.06875 0.04375
1 0.38203125 0.0359375 0.0609375 0.0625
1 0.671875 0.06875 0.0515625 0.0609375
1 0.4625 0.0671875 0.05625 0.0625
1 0.04921875 0.05 0.05625 0.096875
1 0.240625 0.02734375 0.053125 0.0546875
1 0.18984375 0.01953125 0.0421875 0.0390625
1 0.89921875 0.0515625 0.0484375 0.0578125
1 0.98984375 0.0859375 0.0203125 0.084375
1 0.978125 0.10390625 0.0359375 0.0421875
1 0.496875 0.05234375 0.0359375 0.0453125
1 0.065625 0.0171875 0.04375 0.034375
1 0.9 0.08046875 0.0359375 0.0421875