1 0.1890625 0.27421875 0.1078125 0.1125
1 0.2734375 0.26015625 0.078125 0.09375
1 0.5234375 0.3546875 0.053125 0.059375
0 0.3234375 0.30234375 0.06875 0.06875
0 0.43359375 0.3484375 0.0640625 0.0765625
0 0.52578125 0.42421875 0.078125 0.08125
0 0.5921875 0.3890625 0.0578125 0.0578125
0 0.65234375 0.40703125 0.040625 0.0515625
0 0.72734375 0.5390625 0.05 0.0578125
0 0.73984375 0.4234375 0.0546875 0.059375
1 0.2515625 0.01328125 0.10625 0.0265625
1 0.325 0.03125 0.078125 0.0625
1 0.59296875 0.03359375 0.0546875 0.05625
0 0.3875 0.015625 0.06875 0.03125
0 0.50546875 0.0203125 0.0609375 0.040625
0 0.6671875 0.0390625 0.05625 0.0375
0 0.72890625 0.0484375 0.0375 0.028125
0 0.81484375 0.06953125 0.053125 0.0359375