1 0.14921875 0.34375 0.0890625 0.09609375
1 0.228125 0.3125 0.0625 0.08203125
1 0.49296875 0.353125 0.04296875 0.05078125
0 0.2859375 0.34375 0.0578125 0.0578125
0 0.40390625 0.365625 0.05078125 0.0671875
0 0.509375 0.4203125 0.06484375 0.06953125
0 0.5671875 0.37265625 0.0484375 0.0484375
0 0.6296875 0.37734375 0.03125 0.0453125
0 0.73046875 0.490625 0.040625 0.05078125
0 0.71875 0.375 0.0453125 0.05078125
1 0.1484375 0.040625 0.090625 0.08125
1 0.228125 0.0625 0.0625 0.08203125
1 0.49375 0.02421875 0.0453125 0.0484375
0 0.2859375 0.03125 0.0578125 0.0578125
0 0.40390625 0.02265625 0.053125 0.0453125
0 0.56796875 0.0140625 0.0515625 0.028125
0 0.6296875 0.0109375 0.03359375 0.021875
0 0.71875 0.01328125 0.0484375 0.0265625