1 0.80546875 0.33671875 0.07421875 0.0765625
1 0.94453125 0.5046875 0.084375 0.0671875
1 0.4859375 0.334375 0.05078125 0.053125
1 0.40390625 0.42578125 0.06015625 0.05078125
1 0.74765625 0.3703125 0.084375 0.08203125
1 0.96171875 0.43984375 0.0625 0.0671875
1 0.2234375 0.4546875 0.04296875 0.03359375
1 0.17578125 0.4421875 0.03828125 0.040625
1 0.46875 0.41328125 0.03359375 0.0453125
1 0.76953125 0.42578125 0.05078125 0.06015625
1 0.2671875 0.353125 0.03359375 0.03359375
1 0.21640625 0.3578125 0.0359375 0.02890625
1 0.12734375 0.4421875 0.03828125 0.0359375
1 0.59375 0.415625 0.0484375 0.05078125
1 0.2453125 0.428125 0.0359375 0.03359375
1 0.3078125 0.4109375 0.02890625 0.03125
1 0.80546875 0.10546875 0.07421875 0.0765625
1 0.4859375 0.1078125 0.05078125 0.053125
1 0.40390625 0.021875 0.0625 0.04296875
1 0.74765625 0.071875 0.084375 0.08203125
1 0.9625 0.01953125 0.06484375 0.03828125
1 0.225 0.00390625 0.0453125 0.00703125
1 0.1765625 0.0109375 0.040625 0.021875
1 0.46875 0.02890625 0.03359375 0.0453125
1 0.76953125 0.02421875 0.053125 0.0484375
1 0.2671875 0.0890625 0.03359375 0.03359375
1 0.21640625 0.084375 0.0359375 0.02890625
1 0.128125 0.009375 0.040625 0.01875
1 0.59375 0.0265625 0.0484375 0.05078125
1 0.2453125 0.0171875 0.03828125 0.03359375
1 0.3078125 0.03125 0.02890625 0.03125