1 0.21875 0.36796875 0.08671875 0.09375
1 0.0484375 0.334375 0.0671875 0.08203125
0 0.303125 0.37265625 0.040625 0.05078125
0 0.35546875 0.38671875 0.0578125 0.07421875
1 0.428125 0.3578125 0.05546875 0.071875
1 0.540625 0.3484375 0.06953125 0.09375
0 0.5984375 0.36328125 0.05546875 0.06953125
0 0.66796875 0.36796875 0.0625 0.0796875
0 0.7453125 0.3796875 0.053125 0.06953125
0 0.78359375 0.375 0.03359375 0.0453125
0 0.9234375 0.375 0.071875 0.09375
0 0.97578125 0.384375 0.03828125 0.08203125
1 0.04921875 0.02265625 0.06953125 0.0453125
1 0.428125 0.00859375 0.0578125 0.0171875
1 0.540625 0.01796875 0.071875 0.0359375