1 0.1109375 0.40859375 0.0625 0.071875
1 0.3578125 0.3890625 0.0578125 0.06015625
1 0.64921875 0.37265625 0.0484375 0.0578125
1 0.43984375 0.36328125 0.053125 0.06015625
1 0.0265625 0.3578125 0.05078125 0.09375
1 0.21640625 0.3921875 0.05078125 0.05546875
1 0.165625 0.39921875 0.040625 0.0453125
1 0.875 0.4015625 0.0453125 0.05546875
1 0.978125 0.37265625 0.0359375 0.08203125
1 0.95703125 0.353125 0.03359375 0.040625
1 0.4734375 0.3796875 0.03359375 0.04296875
1 0.040625 0.40390625 0.040625 0.05546875
1 0.87734375 0.37265625 0.03359375 0.040625
1 0.11171875 0.03125 0.06484375 0.0625
1 0.3578125 0.04296875 0.0578125 0.06015625
1 0.64921875 0.06015625 0.0484375 0.0578125
1 0.43984375 0.06953125 0.053125 0.06015625
1 0.0265625 0.07421875 0.05078125 0.09375
1 0.21640625 0.040625 0.05078125 0.05546875
1 0.165625 0.03359375 0.040625 0.0453125
1 0.875 0.03125 0.0453125 0.05546875
1 0.978125 0.06015625 0.0359375 0.08203125
1 0.95703125 0.0796875 0.03359375 0.040625
1 0.4734375 0.053125 0.03359375 0.04296875
1 0.040625 0.02890625 0.040625 0.05546875
1 0.87734375 0.06015625 0.03359375 0.040625