1 0.23984375 0.33046875 0.0984375 0.1046875
1 0.07578125 0.2734375 0.078125 0.090625
0 0.32265625 0.346875 0.046875 0.05625
0 0.37265625 0.36796875 0.0671875 0.08125
1 0.4484375 0.34921875 0.065625 0.078125
1 0.5609375 0.35546875 0.08125 0.103125
0 0.61640625 0.378125 0.0640625 0.0765625
0 0.684375 0.39296875 0.0734375 0.0875
0 0.759375 0.41484375 0.0625 0.0765625
0 0.7984375 0.415625 0.0390625 0.05
0 0.93671875 0.43515625 0.084375 0.103125
0 0.98125 0.45078125 0.0375 0.0859375
1 0.496875 0.0078125 0.059375 0.015625
1 0.60703125 0.028125 0.0765625 0.0453125