1 0.3890625 0.40859375 0.04296875 0.06484375
1 0.03828125 0.5 0.040625 0.0625
1 0.16328125 0.55546875 0.053125 0.0578125
1 0.3390625 0.290625 0.03359375 0.040625
1 0.31484375 0.2671875 0.03359375 0.053125
1 0.5984375 0.52890625 0.040625 0.06484375
1 0.78359375 0.53359375 0.053125 0.05546875
1 0.5578125 0.4203125 0.04296875 0.0578125
1 0.61796875 0.428125 0.05078125 0.06484375
1 0.79296875 0.42578125 0.0484375 0.0578125
1 0.834375 0.4203125 0.03125 0.0484375
1 0.3390625 0.040625 0.03359375 0.040625
1 0.31484375 0.06484375 0.03359375 0.053125