1 0.12734375 0.35546875 0.071875 0.0796875
1 0.375 0.3703125 0.065625 0.0671875
1 0.665625 0.39453125 0.05625 0.0640625
1 0.459375 0.35625 0.0609375 0.0671875
1 0.05078125 0.29296875 0.0640625 0.1
1 0.234375 0.35390625 0.0578125 0.0625
1 0.1828125 0.35390625 0.046875 0.05
1 0.88515625 0.4546875 0.053125 0.0609375
1 0.98359375 0.43984375 0.0328125 0.0859375
1 0.97265625 0.41796875 0.0390625 0.0453125
1 0.490625 0.37734375 0.0390625 0.046875
1 0.05859375 0.340625 0.0484375 0.0609375
1 0.89140625 0.4265625 0.0390625 0.0453125
1 0.18046875 0.00859375 0.0734375 0.0171875
1 0.421875 0.03046875 0.065625 0.0609375
1 0.70859375 0.08515625 0.05625 0.0640625
1 0.5 0.065625 0.0609375 0.0671875
1 0.08984375 0.03125 0.0640625 0.0625
1 0.28203125 0.01796875 0.0578125 0.0359375
1 0.2328125 0.0078125 0.046875 0.015625
1 0.93671875 0.08828125 0.053125 0.0609375
1 0.9953125 0.14765625 0.009375 0.0453125
1 0.5359375 0.05390625 0.0390625 0.046875
1 0.93515625 0.1171875 0.0390625 0.0453125