1 0.79921875 0.32578125 0.0765625 0.0796875
1 0.94453125 0.4890625 0.0859375 0.0703125
1 0.48046875 0.33515625 0.053125 0.0546875
1 0.4015625 0.42890625 0.0625 0.053125
1 0.74296875 0.36171875 0.0875 0.084375
1 0.959375 0.4234375 0.0640625 0.06875
1 0.221875 0.4640625 0.04375 0.034375
1 0.17421875 0.45390625 0.0390625 0.0421875
1 0.465625 0.4140625 0.034375 0.046875
1 0.76640625 0.41640625 0.053125 0.0625
1 0.2625 0.36171875 0.034375 0.034375
1 0.21171875 0.36796875 0.0375 0.0296875
1 0.12578125 0.45546875 0.0390625 0.0375
1 0.590625 0.4125 0.05 0.053125
1 0.24296875 0.43671875 0.0375 0.034375
1 0.3046875 0.41796875 0.0296875 0.0328125
1 0.79140625 0.0953125 0.0765625 0.0796875
1 0.471875 0.10859375 0.053125 0.0546875
1 0.3875 0.02578125 0.0640625 0.0453125
1 0.7328125 0.06328125 0.0875 0.084375
1 0.9453125 0.01171875 0.065625 0.0234375
1 0.2078125 0.0140625 0.0453125 0.009375
1 0.159375 0.02265625 0.040625 0.0234375
1 0.45234375 0.03046875 0.034375 0.046875
1 0.75234375 0.01953125 0.0546875 0.0390625
1 0.253125 0.09765625 0.034375 0.034375
1 0.20234375 0.09453125 0.0375 0.0296875
1 0.1109375 0.02265625 0.040625 0.0203125
1 0.5765625 0.025 0.05 0.05
1 0.22890625 0.0265625 0.0390625 0.034375
1 0.29140625 0.03828125 0.0296875 0.0328125