1 0.20625 0.3984375 0.0953125 0.1015625
1 0.03515625 0.38203125 0.0703125 0.0890625
0 0.290625 0.39375 0.0453125 0.0546875
0 0.34453125 0.40234375 0.065625 0.0796875
1 0.41328125 0.36640625 0.0625 0.0765625
1 0.52421875 0.3453125 0.0796875 0.1
0 0.58359375 0.35390625 0.0625 0.075
0 0.653125 0.35078125 0.0703125 0.0859375
0 0.73125 0.3546875 0.059375 0.075
0 0.76875 0.34609375 0.0375 0.0484375
0 0.9078125 0.33125 0.08125 0.1
0 0.9609375 0.33515625 0.046875 0.0859375
1 0.01875 0.07265625 0.0375 0.0515625
1 0.37734375 0.01875 0.059375 0.0234375
1 0.4890625 0.01875 0.075 0.0375