1 0.70703125 0.553125 0.071875 0.07734375
1 0.60546875 0.52421875 0.06015625 0.07265625
1 0.478125 0.48515625 0.0484375 0.0625
1 0.271875 0.33828125 0.03359375 0.03828125
1 0.41796875 0.3671875 0.03828125 0.05078125
1 0.5 0.37734375 0.04296875 0.04375
1 0.57421875 0.375 0.040625 0.040625
1 0.853125 0.4515625 0.0453125 0.05546875
1 0.78125 0.4328125 0.0453125 0.04609375
1 0.74765625 0.415625 0.03828125 0.04609375
1 0.49296875 0.340625 0.040625 0.04609375
1 0.35546875 0.3484375 0.03359375 0.03359375
1 0.625 0.3796875 0.03828125 0.04609375
1 0.65390625 0.38203125 0.03359375 0.040625
1 0.59140625 0.3484375 0.03828125 0.03359375
1 0.603125 0.32421875 0.03359375 0.03359375
1 0.69453125 0.39375 0.040625 0.03828125
1 0.77421875 0.38203125 0.0453125 0.04375
1 0.71171875 0.33828125 0.03359375 0.03125
1 0.21875 0.3484375 0.05078125 0.04609375
1 0.1828125 0.34375 0.0359375 0.03828125
1 0.15625 0.33125 0.03359375 0.03359375
1 0.134375 0.321875 0.03359375 0.03359375
1 0.115625 0.31953125 0.0265625 0.03125
1 0.08203125 0.32421875 0.03359375 0.03359375
1 0.2234375 0.2953125 0.03359375 0.02890625
1 0.3921875 0.3171875 0.02421875 0.021875
1 0.95703125 0.4015625 0.04296875 0.0484375
1 0.8609375 0.30234375 0.0265625 0.03828125
1 0.28359375 0.27578125 0.0265625 0.0265625
1 0.0359375 0.28046875 0.02890625 0.02890625
1 0.8921875 0.29296875 0.0265625 0.040625
1 0.96640625 0.353125 0.040625 0.03359375
1 0.22578125 0.26640625 0.021875 0.02421875
1 0.73828125 0.309375 0.021875 0.02421875
1 0.7078125 0.98203125 0.07421875 0.0265625
1 0.271875 0.0984375 0.03359375 0.03828125
1 0.41796875 0.06953125 0.03828125 0.05078125
1 0.5 0.06015625 0.04296875 0.04375
1 0.57421875 0.0625 0.040625 0.040625
1 0.85234375 0.00703125 0.0484375 0.0140625
1 0.78125 0.01484375 0.0484375 0.02890625
1 0.7484375 0.02265625 0.040625 0.0453125
1 0.49296875 0.09609375 0.040625 0.04609375
1 0.35546875 0.0890625 0.03359375 0.03359375
1 0.625 0.0578125 0.03828125 0.04609375
1 0.65390625 0.05546875 0.03359375 0.040625
1 0.59140625 0.0890625 0.03828125 0.03359375
1 0.603125 0.11328125 0.03359375 0.03359375
1 0.69453125 0.04375 0.040625 0.03828125
1 0.77421875 0.05546875 0.0453125 0.04375
1 0.71171875 0.0984375 0.03359375 0.03125
1 0.21875 0.0890625 0.05078125 0.04609375
1 0.1828125 0.09375 0.0359375 0.03828125
1 0.15625 0.10625 0.03359375 0.03359375
1 0.134375 0.115625 0.03359375 0.03359375
1 0.115625 0.11796875 0.0265625 0.03125
1 0.08203125 0.11328125 0.03359375 0.03359375
1 0.2234375 0.1421875 0.03359375 0.02890625
1 0.3921875 0.1203125 0.02421875 0.021875
1 0.95703125 0.0359375 0.04296875 0.0484375
1 0.8609375 0.13515625 0.0265625 0.03828125
1 0.28359375 0.16171875 0.0265625 0.0265625
1 0.0359375 0.15625 0.02890625 0.02890625
1 0.8921875 0.14453125 0.0265625 0.040625
1 0.96640625 0.084375 0.040625 0.03359375
1 0.22578125 0.17109375 0.021875 0.02421875
1 0.73828125 0.12734375 0.021875 0.02421875