1 0.68984375 0.5984375 0.0875 0.0921875
1 0.59765625 0.54765625 0.075 0.084375
1 0.48203125 0.48046875 0.0609375 0.071875
1 0.3140625 0.29140625 0.040625 0.0453125
1 0.45 0.35234375 0.0484375 0.0578125
1 0.52734375 0.38046875 0.0515625 0.0515625
1 0.60078125 0.39453125 0.0484375 0.0484375
1 0.8546875 0.53203125 0.05625 0.0640625
1 0.7890625 0.49765625 0.0546875 0.0546875
1 0.76015625 0.4734375 0.0484375 0.053125
1 0.52890625 0.34296875 0.05 0.0546875
1 0.39296875 0.31953125 0.040625 0.040625
1 0.64921875 0.4109375 0.0484375 0.053125
1 0.6765625 0.41953125 0.0421875 0.046875
1 0.6234375 0.37265625 0.0453125 0.040625
1 0.63984375 0.3515625 0.040625 0.040625
1 0.71328125 0.43984375 0.0484375 0.046875
1 0.79375 0.446875 0.0546875 0.053125
1 0.74296875 0.38984375 0.0390625 0.0375
1 0.26015625 0.2890625 0.059375 0.05625
1 0.22578125 0.2765625 0.04375 0.0453125
1 0.203125 0.25859375 0.040625 0.040625
1 0.18359375 0.24453125 0.040625 0.040625
1 0.16640625 0.2375 0.0328125 0.0359375
1 0.13203125 0.234375 0.040625 0.040625
1 0.2765625 0.23828125 0.0390625 0.0359375
1 0.4359375 0.29765625 0.028125 0.0265625
1 0.9671875 0.50703125 0.053125 0.05625
1 0.89609375 0.38828125 0.034375 0.04375
1 0.33984375 0.2328125 0.03125 0.03125
1 0.096875 0.18203125 0.034375 0.034375
1 0.92890625 0.38671875 0.034375 0.0453125
1 0.98203125 0.46171875 0.0359375 0.0421875
1 0.28515625 0.2109375 0.0265625 0.028125
1 0.775 0.36796875 0.0265625 0.028125
1 0.36796875 0.05703125 0.040625 0.0453125
1 0.5171875 0.0625 0.0484375 0.0578125
1 0.59921875 0.07109375 0.0515625 0.0515625
1 0.67109375 0.090625 0.0484375 0.0484375
1 0.95390625 0.09921875 0.05 0.025
1 0.8828125 0.090625 0.053125 0.0390625
1 0.84921875 0.090625 0.05 0.053125
1 0.584375 0.1046875 0.05 0.0546875
1 0.4515625 0.0671875 0.040625 0.040625
1 0.72109375 0.096875 0.0484375 0.053125
1 0.75 0.1015625 0.0421875 0.046875
1 0.68125 0.1203125 0.0453125 0.040625
1 0.6875 0.14609375 0.040625 0.040625
1 0.7921875 0.09921875 0.0484375 0.046875
1 0.8671875 0.12890625 0.0546875 0.053125
1 0.796875 0.15625 0.0390625 0.0375
1 0.31875 0.0359375 0.059375 0.05625
1 0.28203125 0.0328125 0.04375 0.0453125
1 0.25390625 0.0390625 0.040625 0.040625
1 0.23046875 0.04296875 0.040625 0.040625
1 0.21171875 0.04140625 0.0328125 0.0359375
1 0.1796875 0.02890625 0.040625 0.040625
1 0.3109375 0.0890625 0.0390625 0.0359375
1 0.48046875 0.10546875 0.028125 0.0265625
1 0.93359375 0.22578125 0.034375 0.04375
1 0.365625 0.121875 0.03125 0.03125
1 0.125 0.0609375 0.034375 0.034375
1 0.96171875 0.2421875 0.034375 0.0453125
1 0.30703125 0.11796875 0.0265625 0.028125
1 0.815625 0.190625 0.0265625 0.028125