1 0.13203125 0.32578125 0.0640625 0.084375
1 0.2265625 0.3234375 0.065625 0.0859375
1 0.3515625 0.28125 0.0515625 0.071875
1 0.4265625 0.325 0.0609375 0.0875
1 0.26796875 0.45390625 0.0671875 0.08125
1 0.2046875 0.5078125 0.0703125 0.090625
1 0.34140625 0.4953125 0.0625 0.0828125
1 0.4296875 0.43671875 0.0609375 0.0828125
1 0.56171875 0.325 0.0609375 0.078125
1 0.521875 0.2890625 0.0609375 0.0796875
1 0.85546875 0.36328125 0.0734375 0.09375
1 0.74453125 0.33203125 0.06875 0.0859375
1 0.684375 0.35234375 0.06875 0.0875
1 0.61953125 0.35234375 0.071875 0.084375