1 0.115625 0.36484375 0.05546875 0.0796875
1 0.209375 0.353125 0.0578125 0.0796875
1 0.3296875 0.29765625 0.0453125 0.0671875
1 0.40859375 0.33359375 0.053125 0.08203125
1 0.2640625 0.478125 0.06015625 0.075
1 0.20703125 0.53828125 0.0625 0.084375
1 0.34140625 0.51171875 0.05546875 0.07734375
1 0.4234375 0.44453125 0.053125 0.07734375
1 0.54296875 0.31953125 0.053125 0.07265625
1 0.5 0.28828125 0.053125 0.075
1 0.8390625 0.3265625 0.06484375 0.08671875
1 0.72578125 0.30703125 0.06015625 0.0796875
1 0.66796875 0.33359375 0.06015625 0.08203125
1 0.603125 0.340625 0.06484375 0.07734375