1 0.12578125 0.33828125 0.0609375 0.0828125
1 0.2203125 0.33359375 0.0625 0.0828125
1 0.34453125 0.2859375 0.05 0.0703125
1 0.4203125 0.32734375 0.059375 0.0859375
1 0.26640625 0.46171875 0.065625 0.0796875
1 0.2046875 0.51796875 0.06875 0.0890625
1 0.340625 0.50078125 0.0609375 0.08125
1 0.42734375 0.4390625 0.0578125 0.08125
1 0.55546875 0.32265625 0.0578125 0.0765625
1 0.51484375 0.2890625 0.0578125 0.078125
1 0.85 0.35078125 0.0703125 0.090625
1 0.7390625 0.3234375 0.065625 0.084375
1 0.67890625 0.34609375 0.065625 0.0859375
1 0.6140625 0.3484375 0.0703125 0.08125