1 0.4125 0.21953125 0.0890625 0.10625
1 0.78671875 0.23984375 0.0859375 0.096875
1 0.6 0.259375 0.06875 0.0859375
1 0.70703125 0.31328125 0.0921875 0.1125
0 0.10234375 0.26015625 0.090625 0.0921875
0 0.22734375 0.3203125 0.0484375 0.059375
0 0.2609375 0.29296875 0.0484375 0.0578125
0 0.32265625 0.32734375 0.0375 0.046875
1 0.4 0.1046875 0.0890625 0.10625
1 0.7625 0.02734375 0.0875 0.0546875
1 0.57578125 0.034375 0.0703125 0.06875
0 0.0890625 0.1296875 0.090625 0.0921875
0 0.2 0.05078125 0.05 0.0484375
0 0.23671875 0.06328125 0.0484375 0.0578125
0 0.2921875 0.03046875 0.0375 0.025