1 0.284375 0.4015625 0.05 0.0671875
1 0.53671875 0.38984375 0.0546875 0.0625
1 0.95546875 0.24296875 0.0546875 0.06875
1 0.7421875 0.4 0.053125 0.0546875
1 0.82265625 0.303125 0.05 0.053125
0 0.8859375 0.40234375 0.059375 0.0671875
0 0.33515625 0.38984375 0.0578125 0.0640625
0 0.4484375 0.4171875 0.0359375 0.05
0 0.47734375 0.41875 0.0234375 0.046875
1 0.67578125 0.42109375 0.0421875 0.0421875
1 0.68671875 0.39765625 0.0359375 0.05
1 0.27265625 0.0515625 0.05 0.0671875
1 0.525 0.0453125 0.0546875 0.0625
1 0.95234375 0.1625 0.0546875 0.06875
1 0.728125 0.0234375 0.053125 0.046875
1 0.81640625 0.11171875 0.05 0.053125
0 0.8734375 0.02109375 0.0625 0.0421875
0 0.3234375 0.059375 0.0578125 0.0640625
0 0.43671875 0.02578125 0.0375 0.05
0 0.4640625 0.02265625 0.025 0.0453125
1 0.6609375 0.0125 0.04375 0.025
1 0.6734375 0.02734375 0.0359375 0.05