1 0.278125 0.41640625 0.0546875 0.0703125
1 0.52890625 0.3875 0.059375 0.065625
1 0.93671875 0.2125 0.059375 0.071875
1 0.734375 0.38359375 0.05625 0.0578125
1 0.80859375 0.28125 0.053125 0.05625
0 0.878125 0.37578125 0.0640625 0.0703125
0 0.328125 0.4015625 0.0609375 0.0671875
0 0.44296875 0.42109375 0.0390625 0.0515625
0 0.471875 0.4203125 0.0265625 0.0484375
1 0.66953125 0.409375 0.0453125 0.0453125
1 0.67890625 0.384375 0.0390625 0.0515625
1 0.24140625 0.06875 0.0546875 0.0703125
1 0.49296875 0.04453125 0.059375 0.065625
1 0.928125 0.13125 0.059375 0.071875
1 0.69375 0.0171875 0.05625 0.034375
1 0.78828125 0.090625 0.053125 0.05625
0 0.8375 0.009375 0.065625 0.01875
0 0.29296875 0.07265625 0.0609375 0.0671875
0 0.40390625 0.03203125 0.040625 0.0515625
0 0.43046875 0.0265625 0.028125 0.0453125
1 0.62578125 0.00859375 0.0453125 0.0171875
1 0.63984375 0.02109375 0.0390625 0.0421875