1 0.47265625 0.20703125 0.0890625 0.10625
1 0.834375 0.3046875 0.0859375 0.096875
1 0.6484375 0.28515625 0.06875 0.0859375
1 0.74140625 0.36015625 0.0921875 0.1125
0 0.1609375 0.18203125 0.090625 0.0921875
0 0.2703125 0.26796875 0.0484375 0.059375
0 0.30859375 0.24765625 0.0484375 0.0578125
0 0.3625 0.29375 0.0375 0.046875
1 0.484375 0.0921875 0.0890625 0.10625
1 0.859375 0.07578125 0.0875 0.0890625
1 0.67265625 0.05390625 0.0703125 0.0828125
1 0.7765625 0.03828125 0.0859375 0.0328125
0 0.175 0.05234375 0.090625 0.0921875
0 0.3 0.0109375 0.05 0.021875
0 0.33203125 0.0234375 0.0484375 0.046875
0 0.39375 0.0046875 0.0375 0.009375