1 0.065625 0.590625 0.13125 0.140625
1 0.41484375 0.6046875 0.109375 0.11875
1 0.221875 0.31953125 0.0453125 0.04375
1 0.42109375 0.49140625 0.0546875 0.05
1 0.54296875 0.40078125 0.0515625 0.0515625
1 0.4671875 0.38359375 0.0421875 0.0390625
1 0.18046875 0.284375 0.0421875 0.0359375
1 0.21484375 0.2671875 0.03125 0.0375
1 0.5796875 0.39921875 0.0359375 0.0375
1 0.05390625 0.18125 0.034375 0.059375
1 0.21171875 0.18125 0.03125 0.028125
1 0.55 0.334375 0.0296875 0.028125
1 0.63046875 0.42109375 0.04375 0.0453125
1 0.78203125 0.4453125 0.065625 0.0625
1 0.03125 0.2953125 0.0171875 0.0578125
1 0.0421875 0.90546875 0.084375 0.0703125
1 0.253125 0.00546875 0.03125 0.0109375
1 0.075 0.03203125 0.034375 0.059375
1 0.2265625 0.07578125 0.03125 0.028125
1 0.59375 0.0203125 0.0296875 0.0265625