1 0.0703125 0.621875 0.13125 0.1328125
1 0.42265625 0.61015625 0.103125 0.1125
1 0.209375 0.33984375 0.04375 0.040625
1 0.4203125 0.496875 0.0515625 0.046875
1 0.5359375 0.3984375 0.0484375 0.0484375
1 0.459375 0.3859375 0.040625 0.0359375
1 0.16640625 0.3078125 0.040625 0.034375
1 0.19921875 0.2875 0.028125 0.0359375
1 0.57265625 0.39375 0.0328125 0.0359375
1 0.0328125 0.2125 0.0296875 0.0578125
1 0.190625 0.2015625 0.03125 0.0265625
1 0.53828125 0.33125 0.028125 0.0265625
1 0.62421875 0.4125 0.040625 0.04375
1 0.778125 0.42578125 0.0609375 0.059375
1 0.01796875 0.328125 0.0140625 0.0578125
1 0.05546875 0.93828125 0.1109375 0.0609375
1 0.21875 0.0140625 0.028125 0.028125
1 0.04375 0.06328125 0.0296875 0.0578125
1 0.19765625 0.09609375 0.03125 0.0265625
1 0.56015625 0.01484375 0.028125 0.025