1 0.053125 0.3453125 0.10625 0.18125
1 0.5609375 0.31484375 0.1046875 0.1203125
1 0.29140625 0.353125 0.1125 0.1328125
1 0.746875 0.26796875 0.1171875 0.14375
1 0.4078125 0.3328125 0.096875 0.1265625
1 0.16640625 0.3828125 0.1296875 0.1484375
1 0.86484375 0.31875 0.0890625 0.128125
1 0.03984375 0.1078125 0.0796875 0.13125
1 0.5296875 0.0328125 0.103125 0.065625
1 0.2609375 0.05390625 0.109375 0.0734375
1 0.7203125 0.0421875 0.115625 0.084375
1 0.37734375 0.04375 0.09375 0.0765625
1 0.13359375 0.0625 0.1234375 0.065625