1 0.0796875 0.6515625 0.12265625 0.125
1 0.43046875 0.615625 0.09609375 0.10625
1 0.19921875 0.36015625 0.040625 0.03828125
1 0.4203125 0.50234375 0.0484375 0.04375
1 0.52890625 0.39609375 0.0453125 0.04609375
1 0.4515625 0.3890625 0.03828125 0.03359375
1 0.15390625 0.33125 0.03828125 0.03125
1 0.18515625 0.309375 0.0265625 0.03359375
1 0.56484375 0.3890625 0.03125 0.03359375
1 0.0140625 0.24609375 0.0265625 0.05546875
1 0.1703125 0.22421875 0.02890625 0.02421875
1 0.5265625 0.32890625 0.0265625 0.02421875
1 0.61796875 0.40390625 0.03828125 0.040625
1 0.771875 0.40625 0.0578125 0.05546875
1 0.00703125 0.3625 0.009375 0.0578125
1 0.0796875 0.96875 0.125 0.053125
1 0.1546875 0.01328125 0.040625 0.0265625
1 0.18515625 0.03125 0.0265625 0.03359375
1 0.0140625 0.09609375 0.0265625 0.05546875
1 0.1703125 0.11796875 0.02890625 0.02421875
1 0.52578125 0.01171875 0.0265625 0.0234375
1 0.00859375 0.0046875 0.01171875 0.009375