1 0.28828125 0.39375 0.0484375 0.06484375
1 0.540625 0.39140625 0.053125 0.06015625
1 0.9640625 0.259375 0.053125 0.0671875
1 0.7453125 0.40859375 0.05078125 0.053125
1 0.8296875 0.31484375 0.0484375 0.05078125
0 0.8890625 0.415625 0.0578125 0.06484375
0 0.3390625 0.384375 0.05546875 0.0625
0 0.4515625 0.415625 0.03359375 0.0484375
0 0.48046875 0.41796875 0.021875 0.04609375
1 0.678125 0.42734375 0.040625 0.040625
1 0.68984375 0.40390625 0.03359375 0.0484375
1 0.28828125 0.04375 0.0484375 0.06484375
1 0.540625 0.04609375 0.053125 0.06015625
1 0.9640625 0.178125 0.053125 0.0671875
1 0.7453125 0.02890625 0.05078125 0.053125
1 0.8296875 0.12265625 0.0484375 0.05078125
0 0.88984375 0.02734375 0.0609375 0.0546875
0 0.3390625 0.053125 0.05546875 0.0625
0 0.453125 0.02421875 0.0359375 0.0484375
0 0.48046875 0.021875 0.02421875 0.04375
1 0.678125 0.015625 0.04296875 0.03125
1 0.68984375 0.03359375 0.03359375 0.0484375