1 0.4421875 0.21171875 0.0796875 0.0984375
1 0.8125 0.27109375 0.0765625 0.0890625
1 0.625 0.27109375 0.06015625 0.0796875
1 0.72578125 0.3359375 0.08203125 0.10390625
0 0.1296875 0.21953125 0.08203125 0.084375
0 0.24765625 0.29296875 0.04296875 0.05546875
0 0.28359375 0.26875 0.04296875 0.053125
0 0.34140625 0.309375 0.03359375 0.04375
1 0.4421875 0.09609375 0.0796875 0.0984375
1 0.81328125 0.040625 0.0796875 0.08125
1 0.625 0.03828125 0.0625 0.0765625
1 0.7265625 0.01171875 0.084375 0.0234375
0 0.1296875 0.0890625 0.08203125 0.084375
0 0.2484375 0.021875 0.0453125 0.04375
0 0.28359375 0.03828125 0.04296875 0.053125
0 0.3421875 0.0109375 0.0359375 0.021875