1 0.1890625 0.41875 0.1609375 0.19375
1 0.2671875 0.46875 0.0796875 0.0890625
1 0.353125 0.43046875 0.1109375 0.1078125
1 0.42890625 0.4421875 0.046875 0.059375
1 0.47265625 0.4296875 0.0609375 0.0671875
1 0.528125 0.42734375 0.0734375 0.09375
1 0.7671875 0.39453125 0.065625 0.0859375
1 0.74140625 0.40703125 0.040625 0.0546875
1 0.8125 0.35078125 0.109375 0.134375
1 0.8875 0.3453125 0.084375 0.1109375
1 0.92421875 0.3703125 0.0421875 0.0609375
1 0.15625 0.1046875 0.159375 0.15625
1 0.2234375 0.04453125 0.078125 0.04375
1 0.31328125 0.053125 0.109375 0.0828125
1 0.38515625 0.025 0.0453125 0.0359375
1 0.43046875 0.0265625 0.0625 0.05
1 0.4859375 0.02734375 0.071875 0.0546875
1 0.72578125 0.015625 0.0640625 0.03125
1 0.696875 0.0046875 0.040625 0.009375
1 0.78046875 0.0453125 0.1109375 0.090625
1 0.8515625 0.03359375 0.0875 0.0671875