0 0.1328125 0.31796875 0.11875 0.109375
0 0.2109375 0.29609375 0.0375 0.05625
0 0.04453125 0.2453125 0.028125 0.040625
0 0.25625 0.3078125 0.075 0.096875
0 0.29921875 0.25546875 0.0421875 0.046875
0 0.353125 0.3015625 0.0765625 0.0828125
0 0.4171875 0.31875 0.0578125 0.0671875
0 0.4515625 0.2859375 0.034375 0.0390625
0 0.5 0.3359375 0.0734375 0.0875
0 0.61640625 0.3796875 0.0578125 0.084375
0 0.86796875 0.46484375 0.115625 0.0953125
0 0.9140625 0.375 0.0453125 0.065625
0 0.82421875 0.3765625 0.0421875 0.0546875
1 0.771875 0.34296875 0.0375 0.0484375
1 0.72421875 0.3359375 0.0375 0.053125
1 0.6921875 0.34609375 0.0421875 0.0546875
0 0.65625 0.35 0.04375 0.065625
1 0.63125 0.3015625 0.021875 0.028125
0 0.23828125 0.00703125 0.0390625 0.0140625
0 0.065625 0.0125 0.028125 0.025
0 0.28203125 0.015625 0.0734375 0.03125
0 0.31796875 0.03984375 0.0421875 0.046875
0 0.37734375 0.02421875 0.0765625 0.0484375
0 0.44375 0.0171875 0.059375 0.034375
0 0.4734375 0.03671875 0.034375 0.0390625
0 0.528125 0.02109375 0.071875 0.0421875
0 0.9421875 0.05 0.0453125 0.0296875
0 0.85625 0.03359375 0.040625 0.0125
1 0.8 0.0421875 0.0390625 0.0390625
1 0.75078125 0.040625 0.0390625 0.04375
1 0.71953125 0.03125 0.0421875 0.03125
0 0.684375 0.028125 0.0421875 0.03125
1 0.653125 0.05234375 0.021875 0.028125