1 0.2328125 0.3484375 0.0828125 0.0765625
1 0.090625 0.32421875 0.1046875 0.103125
1 0.2578125 0.2765625 0.0609375 0.065625
1 0.6296875 0.2984375 0.05 0.0546875
1 0.05859375 0.23828125 0.071875 0.1046875
1 0.196875 0.2046875 0.0484375 0.040625
1 0.41953125 0.23046875 0.046875 0.0453125
0 0.45234375 0.521875 0.0828125 0.09375
0 0.35234375 0.22578125 0.0375 0.0484375
0 0.40546875 0.2484375 0.0546875 0.0609375
0 0.7390625 0.2984375 0.1265625 0.11875
0 0.8234375 0.296875 0.06875 0.0921875
0 0.98671875 0.3046875 0.0265625 0.06875
0 0.97109375 0.31796875 0.05 0.071875
1 0.26640625 0.03515625 0.0828125 0.0703125
1 0.12109375 0.0390625 0.1046875 0.078125
1 0.27578125 0.10859375 0.0609375 0.065625
1 0.64375 0.16484375 0.05 0.0546875
1 0.07265625 0.1046875 0.071875 0.1046875
1 0.2015625 0.16640625 0.0484375 0.040625
1 0.42421875 0.1875 0.046875 0.0453125
0 0.35703125 0.178125 0.0375 0.0484375
0 0.4140625 0.1671875 0.0546875 0.0609375
0 0.75078125 0.1875 0.1265625 0.11875
0 0.83359375 0.20703125 0.06875 0.0921875
0 0.990625 0.234375 0.01875 0.06875
0 0.978125 0.215625 0.04375 0.071875