0 0.10625 0.384375 0.11875 0.109375
0 0.18046875 0.34921875 0.0375 0.05625
0 0.01015625 0.328125 0.0203125 0.040625
0 0.2265625 0.353125 0.075 0.096875
0 0.26015625 0.29453125 0.0421875 0.046875
0 0.32109375 0.3296875 0.0765625 0.0828125
0 0.38671875 0.3359375 0.0578125 0.0671875
0 0.41484375 0.29765625 0.034375 0.0390625
0 0.471875 0.33828125 0.0734375 0.0875
0 0.59375 0.36171875 0.0578125 0.084375
0 0.85625 0.4015625 0.115625 0.0953125
0 0.8859375 0.3046875 0.0453125 0.065625
0 0.7984375 0.321875 0.0421875 0.0546875
1 0.740625 0.29765625 0.0375 0.0484375
1 0.69296875 0.3 0.0375 0.053125
1 0.6625 0.31484375 0.0421875 0.0546875
0 0.62734375 0.325 0.04375 0.065625
1 0.59453125 0.28125 0.021875 0.028125
0 0.078125 0.05234375 0.115625 0.04375
0 0.15546875 0.04765625 0.0390625 0.040625
0 0.2 0.04921875 0.0734375 0.05625
0 0.24140625 0.07890625 0.0421875 0.046875
0 0.29609375 0.0453125 0.0765625 0.0640625
0 0.3609375 0.0296875 0.059375 0.04375
0 0.39296875 0.0484375 0.034375 0.0390625
0 0.44453125 0.02265625 0.071875 0.04375
1 0.71484375 0.0078125 0.0390625 0.015625
1 0.66640625 0.0125 0.0390625 0.025
1 0.63515625 0.0078125 0.0421875 0.015625
0 0.59921875 0.009375 0.0421875 0.01875
1 0.57265625 0.0328125 0.021875 0.028125