1 0.19921875 0.38671875 0.1421875 0.18046875
1 0.271875 0.44453125 0.071875 0.08203125
1 0.3609375 0.415625 0.10078125 0.0984375
1 0.43515625 0.43515625 0.040625 0.05546875
1 0.48046875 0.42734375 0.05546875 0.0625
1 0.5359375 0.43046875 0.06484375 0.08671875
1 0.7765625 0.42265625 0.0578125 0.0796875
1 0.75 0.4328125 0.0359375 0.05078125
1 0.8265625 0.384375 0.09609375 0.125
1 0.9015625 0.38671875 0.07421875 0.10390625
1 0.93515625 0.415625 0.0359375 0.0578125
1 0.19921875 0.07109375 0.14453125 0.1421875
1 0.27265625 0.01796875 0.07421875 0.0359375
1 0.3609375 0.0359375 0.103125 0.071875
1 0.43515625 0.015625 0.04296875 0.03125
1 0.48046875 0.021875 0.0578125 0.04375
1 0.5359375 0.0265625 0.0671875 0.053125
1 0.7765625 0.02734375 0.059375 0.0546875
1 0.75 0.015625 0.03828125 0.03125
1 0.828125 0.059375 0.0984375 0.11796875
1 0.90078125 0.0515625 0.0765625 0.103125
1 0.93515625 0.0265625 0.03828125 0.053125