1 0.2109375 0.396875 0.08125 0.075
1 0.06640625 0.39765625 0.103125 0.1
1 0.22265625 0.321875 0.059375 0.0640625
1 0.59296875 0.27890625 0.0484375 0.053125
1 0.0265625 0.31875 0.053125 0.103125
1 0.15078125 0.26171875 0.0484375 0.0390625
1 0.37421875 0.2484375 0.0453125 0.04375
0 0.45703125 0.5296875 0.0796875 0.0921875
0 0.30703125 0.25546875 0.0359375 0.046875
0 0.36328125 0.26796875 0.0515625 0.059375
0 0.7 0.259375 0.1234375 0.115625
0 0.78359375 0.24375 0.065625 0.090625
0 0.9578125 0.221875 0.046875 0.0671875
0 0.93203125 0.2390625 0.046875 0.0703125
1 0.1890625 0.08046875 0.08125 0.075
1 0.0484375 0.1 0.096875 0.1
1 0.2109375 0.15390625 0.059375 0.0640625
1 0.58359375 0.14453125 0.0484375 0.053125
1 0.021875 0.184375 0.04375 0.103125
1 0.14765625 0.2234375 0.0484375 0.0390625
1 0.37109375 0.20546875 0.0453125 0.04375
0 0.303125 0.2078125 0.0359375 0.046875
0 0.3578125 0.1875 0.0515625 0.059375
0 0.6921875 0.14921875 0.1234375 0.115625
0 0.77734375 0.153125 0.065625 0.090625
0 0.95234375 0.15078125 0.046875 0.0671875
0 0.925 0.1375 0.046875 0.0703125