0 0.11796875 0.35078125 0.1109375 0.10078125
0 0.19453125 0.321875 0.03359375 0.053125
0 0.02421875 0.2859375 0.02421875 0.03828125
0 0.240625 0.3296875 0.0671875 0.09140625
0 0.27890625 0.27421875 0.03828125 0.04296875
0 0.33671875 0.31484375 0.06953125 0.0765625
0 0.4015625 0.3265625 0.053125 0.0625
0 0.4328125 0.290625 0.03125 0.0359375
0 0.4859375 0.33671875 0.0671875 0.08203125
0 0.60546875 0.3703125 0.05078125 0.0796875
0 0.86328125 0.4328125 0.1078125 0.08671875
0 0.9015625 0.3390625 0.040625 0.0625
0 0.8125 0.3484375 0.03828125 0.05078125
1 0.75703125 0.31953125 0.03359375 0.0453125
1 0.709375 0.3171875 0.03359375 0.05078125
1 0.678125 0.3296875 0.03828125 0.05078125
0 0.6421875 0.33671875 0.03828125 0.0625
1 0.61328125 0.290625 0.01953125 0.0265625
0 0.11875 0.0171875 0.11328125 0.03359375
0 0.19609375 0.01953125 0.0359375 0.03828125
0 0.02421875 0.0453125 0.02421875 0.03828125
0 0.240625 0.025 0.06875 0.05
0 0.27890625 0.0578125 0.03828125 0.04296875
0 0.33671875 0.02890625 0.071875 0.0578125
0 0.40234375 0.01953125 0.05546875 0.03828125
0 0.4328125 0.040625 0.03125 0.0359375
0 0.48671875 0.01953125 0.06953125 0.03828125
0 0.9015625 0.01328125 0.04296875 0.0265625
0 0.8140625 0.0046875 0.040625 0.009375
1 0.75859375 0.01796875 0.0359375 0.0359375
1 0.71015625 0.0203125 0.0359375 0.040625
1 0.678125 0.0140625 0.040625 0.028125
0 0.6421875 0.0140625 0.040625 0.028125
1 0.61328125 0.040625 0.01953125 0.0265625