1 0.21875 0.37734375 0.0765625 0.06953125
1 0.07421875 0.36796875 0.09609375 0.09375
1 0.2359375 0.303125 0.05546875 0.06015625
1 0.6078125 0.2859375 0.0453125 0.05078125
1 0.03359375 0.2859375 0.0625 0.0984375
1 0.16796875 0.23828125 0.0453125 0.0359375
1 0.3921875 0.240625 0.04296875 0.040625
0 0.4546875 0.5265625 0.07421875 0.08671875
0 0.32421875 0.24296875 0.03359375 0.0453125
0 0.3796875 0.259375 0.0484375 0.05546875
0 0.71640625 0.27421875 0.115625 0.1078125
0 0.80078125 0.2640625 0.06015625 0.08671875
0 0.97578125 0.2546875 0.04296875 0.06484375
0 0.94921875 0.26953125 0.04296875 0.0671875
1 0.21875 0.06015625 0.0765625 0.06953125
1 0.07421875 0.06953125 0.09609375 0.09375
1 0.2359375 0.134375 0.05546875 0.06015625
1 0.6078125 0.1515625 0.0453125 0.05078125
1 0.03359375 0.1515625 0.0625 0.0984375
1 0.16796875 0.19921875 0.0453125 0.0359375
1 0.3921875 0.196875 0.04296875 0.040625
0 0.32421875 0.19453125 0.03359375 0.0453125
0 0.3796875 0.178125 0.0484375 0.05546875
0 0.71640625 0.16328125 0.115625 0.1078125
0 0.80078125 0.1734375 0.06015625 0.08671875
0 0.97578125 0.1828125 0.04296875 0.06484375
0 0.94921875 0.16796875 0.04296875 0.0671875