1 0.83671875 0.41796875 0.0796875 0.09140625
1 0.196875 0.4015625 0.0765625 0.09609375
1 0.40859375 0.4015625 0.0578125 0.0796875
1 0.5890625 0.39609375 0.0765625 0.09140625
1 0.73046875 0.425 0.0578125 0.06953125
1 0.03359375 0.40625 0.0671875 0.12734375
1 0.51171875 0.42734375 0.05546875 0.0671875
1 0.96640625 0.446875 0.05078125 0.0578125
1 0.47109375 0.4203125 0.040625 0.0671875
1 0.678125 0.4421875 0.0453125 0.06015625
1 0.7765625 0.44453125 0.05078125 0.06015625
1 0.6296875 0.4375 0.03359375 0.053125