1 0.215625 0.35078125 0.1625 0.196875
1 0.28046875 0.4171875 0.08125 0.090625
1 0.371875 0.39921875 0.1125 0.109375
1 0.44375 0.428125 0.046875 0.059375
1 0.48984375 0.42578125 0.0625 0.06875
1 0.54453125 0.43515625 0.075 0.09375
1 0.78359375 0.45703125 0.0671875 0.0859375
1 0.75625 0.4640625 0.0421875 0.0546875
1 0.83828125 0.425 0.1109375 0.1359375
1 0.9125 0.43671875 0.0859375 0.1125
1 0.9421875 0.46953125 0.0421875 0.0625
1 0.25390625 0.05859375 0.1609375 0.1171875
1 0.3328125 0.0078125 0.078125 0.015625
1 0.41796875 0.03203125 0.1109375 0.0640625
1 0.49375 0.01484375 0.046875 0.0296875
1 0.5390625 0.02421875 0.0625 0.0484375
1 0.59375 0.034375 0.0734375 0.0609375
1 0.83203125 0.06484375 0.065625 0.0609375
1 0.80703125 0.05 0.0421875 0.0359375
1 0.8796875 0.10234375 0.1125 0.1296875
1 0.95234375 0.10390625 0.0890625 0.1109375
1 0.98359375 0.08203125 0.0328125 0.0578125