1 0.190625 0.19140625 0.103125 0.10625
1 0.29140625 0.19453125 0.1109375 0.121875
1 0.81640625 0.37265625 0.1375 0.1453125
1 0.40625 0.2703125 0.13125 0.140625
1 0.5765625 0.31328125 0.1328125 0.140625
1 0.76640625 0.30703125 0.0703125 0.08125
1 0.97109375 0.30859375 0.0375 0.046875
0 0.621875 0.2390625 0.046875 0.0578125
0 0.74296875 0.2515625 0.040625 0.040625
1 0.240625 0.01953125 0.103125 0.0390625
1 0.33046875 0.04609375 0.1109375 0.0921875
1 0.8765625 0.13203125 0.134375 0.1265625
1 0.46796875 0.0453125 0.1296875 0.090625
1 0.63671875 0.07109375 0.1328125 0.125
1 0.80390625 0.15703125 0.0703125 0.08125
1 0.9828125 0.2515625 0.034375 0.046875
0 0.64453125 0.14921875 0.046875 0.0578125
0 0.75703125 0.1953125 0.040625 0.040625