1 0.4734375 0.31953125 0.0734375 0.0875
1 0.54921875 0.2953125 0.1109375 0.14375
1 0.8734375 0.315625 0.1375 0.1671875
1 0.7015625 0.33828125 0.1625 0.19375
1 0.62578125 0.340625 0.065625 0.090625
0 0.3109375 0.3 0.084375 0.096875
1 0.8171875 0.3640625 0.078125 0.10625
1 0.509375 0.025 0.071875 0.05
1 0.578125 0.06015625 0.1109375 0.11875
1 0.89921875 0.115625 0.1390625 0.153125
1 0.7328125 0.07890625 0.15625 0.125
1 0.6625 0.040625 0.0640625 0.0546875
0 0.34765625 0.0171875 0.0828125 0.034375
1 0.85390625 0.0671875 0.075 0.0625