1 0.3890625 0.2953125 0.06484375 0.08671875
1 0.28828125 0.290625 0.0796875 0.10859375
1 0.79296875 0.3171875 0.07421875 0.09609375
1 0.6109375 0.309375 0.08203125 0.1109375
1 0.5453125 0.29765625 0.053125 0.08671875
1 0.8921875 0.2953125 0.115625 0.1421875
1 0.0625 0.31484375 0.11796875 0.13515625
1 0.7453125 0.31953125 0.0625 0.09375
1 0.3890625 0.02421875 0.0671875 0.0484375
1 0.28828125 0.03125 0.08203125 0.0625
1 0.79296875 0.015625 0.0765625 0.03125
1 0.6109375 0.02265625 0.084375 0.0453125
1 0.54609375 0.02265625 0.0546875 0.0453125
1 0.89296875 0.0375 0.11796875 0.075
1 0.0625 0.0265625 0.1203125 0.053125
1 0.74609375 0.01328125 0.06484375 0.0265625