1 0.38203125 0.29921875 0.0671875 0.0890625
1 0.28125 0.2984375 0.0828125 0.1109375
1 0.78671875 0.30703125 0.078125 0.0984375
1 0.60390625 0.30546875 0.0859375 0.1140625
1 0.53828125 0.29609375 0.05625 0.0890625
1 0.88515625 0.28203125 0.1203125 0.146875
1 0.05859375 0.33046875 0.1171875 0.1390625
1 0.7390625 0.3109375 0.065625 0.0953125
1 0.37265625 0.028125 0.06875 0.05
1 0.271875 0.0390625 0.084375 0.065625
1 0.775 0.0109375 0.078125 0.021875
1 0.59453125 0.02109375 0.0859375 0.0421875
1 0.5296875 0.021875 0.05625 0.04375
1 0.87578125 0.03203125 0.1203125 0.0640625
1 0.053125 0.04140625 0.10625 0.0578125
1 0.728125 0.009375 0.065625 0.01875