1 0.4109375 0.28515625 0.0734375 0.09375
1 0.3109375 0.26953125 0.090625 0.115625
1 0.81015625 0.3484375 0.084375 0.103125
1 0.63046875 0.321875 0.09375 0.11875
1 0.56640625 0.303125 0.0625 0.0921875
1 0.91171875 0.3375 0.1296875 0.153125
1 0.084375 0.2703125 0.13125 0.146875
1 0.7625 0.34609375 0.071875 0.1
1 0.4390625 0.02109375 0.071875 0.0421875
1 0.3375 0.0234375 0.0875 0.046875
1 0.8421875 0.04921875 0.0796875 0.0390625
1 0.66015625 0.03671875 0.0890625 0.053125
1 0.59609375 0.03046875 0.059375 0.05
1 0.93828125 0.08125 0.1234375 0.0875
1 0.1140625 0.0078125 0.125 0.015625
1 0.7953125 0.04140625 0.0671875 0.0328125