1 0.41015625 0.34140625 0.0828125 0.09375
1 0.47265625 0.290625 0.125 0.1515625
1 0.7828125 0.19375 0.1546875 0.178125
1 0.63046875 0.2765625 0.18125 0.2078125
1 0.56015625 0.30625 0.075 0.0953125
0 0.25234375 0.38046875 0.09375 0.1046875
1 0.74765625 0.259375 0.0890625 0.1125
1 0.33828125 0.05 0.0765625 0.0625
1 0.415625 0.0625 0.121875 0.125
1 0.734375 0.03984375 0.153125 0.0796875
1 0.565625 0.04609375 0.165625 0.0921875
1 0.48671875 0.02109375 0.0671875 0.0421875
0 0.1796875 0.0921875 0.0875 0.0703125