1 0.125 0.27578125 0.084375 0.0890625
1 0.2234375 0.25390625 0.0890625 0.10390625
1 0.7765625 0.3 0.1109375 0.12265625
1 0.353125 0.3 0.10546875 0.11796875
1 0.52890625 0.3 0.1078125 0.11796875
1 0.71171875 0.2484375 0.05546875 0.06953125
1 0.9109375 0.2 0.02890625 0.040625
0 0.55546875 0.2171875 0.0359375 0.05078125
0 0.67578125 0.2 0.03359375 0.03359375
1 0.125 0.06484375 0.084375 0.0890625
1 0.2234375 0.08671875 0.0890625 0.10390625
1 0.7765625 0.0515625 0.1125 0.103125
1 0.3546875 0.05078125 0.1078125 0.1015625
1 0.52890625 0.05078125 0.1109375 0.1015625
1 0.71171875 0.09375 0.05546875 0.06953125
1 0.9109375 0.1421875 0.02890625 0.040625
0 0.55546875 0.125 0.0359375 0.05078125
0 0.67578125 0.1421875 0.03359375 0.03359375