1 0.16015625 0.22578125 0.0953125 0.1
1 0.26015625 0.21796875 0.103125 0.115625
1 0.8015625 0.340625 0.1265625 0.1375
1 0.38203125 0.28125 0.1203125 0.13125
1 0.55625 0.30625 0.1234375 0.13125
1 0.74453125 0.28046875 0.0640625 0.0765625
1 0.9484375 0.26015625 0.034375 0.04375
0 0.59453125 0.22734375 0.0421875 0.0546875
0 0.715625 0.22734375 0.0375 0.0375
1 0.18828125 0.03359375 0.0953125 0.0671875
1 0.2828125 0.0546875 0.103125 0.109375
1 0.8359375 0.09453125 0.125 0.1171875
1 0.41796875 0.04609375 0.1203125 0.0921875
1 0.59140625 0.059375 0.1234375 0.115625
1 0.76640625 0.12734375 0.0640625 0.0765625
1 0.95703125 0.203125 0.034375 0.04375
0 0.60703125 0.13671875 0.0421875 0.0546875
0 0.72421875 0.1703125 0.0375 0.0375