1 0.79765625 0.42265625 0.153125 0.178125
1 0.27890625 0.4125 0.0671875 0.0828125
1 0.58984375 0.44296875 0.0671875 0.0890625
1 0.3828125 0.4296875 0.08125 0.0921875
1 0.4734375 0.4046875 0.1015625 0.1234375
1 0.89921875 0.440625 0.1359375 0.1671875
1 0.67578125 0.44921875 0.109375 0.1453125
1 0.8390625 0.0984375 0.15 0.1359375
1 0.64140625 0.03125 0.0640625 0.040625
1 0.43671875 0.00703125 0.0765625 0.0140625
1 0.51875 0.0375 0.1 0.075
1 0.93671875 0.10625 0.1265625 0.125
1 0.7234375 0.05703125 0.103125 0.0765625