1 0.12265625 0.346875 0.08125 0.103125
1 0.19921875 0.38515625 0.071875 0.1
1 0.3984375 0.31875 0.034375 0.0359375
1 0.32890625 0.31796875 0.0359375 0.04375
1 0.278125 0.31875 0.034375 0.04375
1 0.2015625 0.32734375 0.0265625 0.034375
1 0.52578125 0.3234375 0.084375 0.1140625
1 0.75625 0.30234375 0.078125 0.1125
0 0.83125 0.3234375 0.046875 0.059375
0 0.9125 0.3078125 0.075 0.090625
1 0.11640625 0.028125 0.0828125 0.0453125
1 0.39375 0.01875 0.0359375 0.034375
1 0.3234375 0.0234375 0.0390625 0.040625
1 0.27421875 0.02421875 0.0359375 0.040625
1 0.19609375 0.0203125 0.0296875 0.0296875
1 0.52109375 0.03203125 0.0859375 0.0640625
1 0.7515625 0.03828125 0.08125 0.0765625
0 0.82578125 0.0140625 0.0484375 0.028125
0 0.90625 0.028125 0.078125 0.05625