1 0.14375 0.21484375 0.1765625 0.2078125
1 0.546875 0.40703125 0.1296875 0.1421875
1 0.37421875 0.578125 0.140625 0.1265625
1 0.4453125 0.31796875 0.1171875 0.15625
1 0.9046875 0.28671875 0.0703125 0.1203125
1 0.9390625 0.25078125 0.121875 0.1671875
1 0.68203125 0.2375 0.0609375 0.075
0 0.2890625 0.3171875 0.090625 0.096875
1 0.1578125 0.059375 0.175 0.11875
1 0.465625 0.0171875 0.1125 0.034375
1 0.921875 0.06796875 0.0703125 0.084375
1 0.94453125 0.10078125 0.1109375 0.1484375
1 0.69375 0.065625 0.0609375 0.075