1 0.14921875 0.37421875 0.0921875 0.1046875
1 0.31796875 0.34375 0.0671875 0.08125
1 0.609375 0.31484375 0.0625 0.0734375
1 0.675 0.25703125 0.0703125 0.0890625
0 0.5796875 0.32421875 0.034375 0.0484375
0 0.459375 0.3359375 0.053125 0.0609375
0 0.05859375 0.41640625 0.0453125 0.0609375
1 0.1078125 0.07734375 0.0890625 0.0640625
1 0.2765625 0.0515625 0.0671875 0.0578125
1 0.5671875 0.0125 0.059375 0.025
1 0.64140625 0.034375 0.0703125 0.06875
0 0.53515625 0.00546875 0.0328125 0.0109375
0 0.41484375 0.02109375 0.0515625 0.034375