1 0.7859375 0.38671875 0.134375 0.16328125
1 0.26953125 0.43984375 0.0578125 0.0765625
1 0.58203125 0.4328125 0.0578125 0.08203125
1 0.375 0.44453125 0.071875 0.084375
1 0.46171875 0.40859375 0.0890625 0.11328125
1 0.8890625 0.3921875 0.11796875 0.15390625
1 0.66796875 0.428125 0.09375 0.134375
1 0.7875 0.06015625 0.13671875 0.1203125
1 0.26953125 0.01171875 0.0609375 0.0234375
1 0.5828125 0.0171875 0.06015625 0.03359375
1 0.3765625 0.0109375 0.07421875 0.021875
1 0.46171875 0.0359375 0.09140625 0.071875
1 0.8890625 0.05546875 0.1203125 0.1109375
1 0.66796875 0.0328125 0.09609375 0.06484375