1 0.146875 0.29609375 0.0921875 0.1109375
1 0.21875 0.34453125 0.08125 0.10625
1 0.42421875 0.30625 0.0375 0.0390625
1 0.35546875 0.29609375 0.040625 0.0484375
1 0.30546875 0.28984375 0.0390625 0.046875
1 0.22890625 0.2875 0.0296875 0.0359375
1 0.55 0.32890625 0.0953125 0.121875
1 0.78125 0.33984375 0.0890625 0.11875
0 0.85234375 0.37109375 0.0515625 0.0625
0 0.93515625 0.3671875 0.084375 0.096875
1 0.46171875 0.01328125 0.0390625 0.0265625
1 0.39140625 0.0125 0.0421875 0.025
1 0.3421875 0.01015625 0.040625 0.0203125
1 0.58671875 0.03984375 0.0921875 0.075
1 0.8140625 0.07578125 0.0890625 0.090625
0 0.890625 0.06171875 0.0515625 0.0390625
0 0.96328125 0.084375 0.0734375 0.071875