1 0.19375 0.2875 0.090625 0.103125
1 0.36484375 0.3015625 0.0671875 0.08125
1 0.65390625 0.35 0.0609375 0.0734375
1 0.73203125 0.31015625 0.0703125 0.0890625
0 0.621875 0.35078125 0.034375 0.0484375
0 0.503125 0.33125 0.0515625 0.0609375
0 0.0953125 0.3046875 0.0453125 0.059375
1 0.2296875 0.01015625 0.0875 0.0203125
1 0.40078125 0.01875 0.0671875 0.0375
1 0.69375 0.03828125 0.059375 0.0421875
1 0.76015625 0.07734375 0.0703125 0.0890625
0 0.6640625 0.02578125 0.0328125 0.021875
0 0.54140625 0.01640625 0.0515625 0.0328125