1 0.1703125 0.3265625 0.0796875 0.09375
1 0.34140625 0.31953125 0.0578125 0.07421875
1 0.634375 0.33203125 0.053125 0.0671875
1 0.70703125 0.28359375 0.06015625 0.08203125
0 0.603125 0.33671875 0.02890625 0.0453125
0 0.4828125 0.33203125 0.0453125 0.05546875
0 0.07421875 0.35546875 0.03828125 0.05546875
1 0.1703125 0.0265625 0.08203125 0.053125
1 0.34140625 0.025 0.0609375 0.05
1 0.6359375 0.01796875 0.05546875 0.0359375
1 0.70703125 0.0484375 0.06015625 0.08203125
0 0.6046875 0.009375 0.03125 0.01875
0 0.48203125 0.0140625 0.0484375 0.028125