1 0.77265625 0.3578125 0.15 0.1765625
1 0.26484375 0.4640625 0.065625 0.0828125
1 0.57421875 0.42421875 0.065625 0.0875
1 0.36953125 0.4578125 0.0796875 0.0921875
1 0.45234375 0.41328125 0.1 0.121875
1 0.87578125 0.35234375 0.1328125 0.165625
1 0.659375 0.4109375 0.1078125 0.14375
1 0.73984375 0.05 0.1484375 0.1
1 0.21953125 0.03828125 0.0625 0.0296875
1 0.53203125 0.01484375 0.0640625 0.0296875
1 0.32578125 0.0265625 0.0765625 0.0296875
1 0.41328125 0.0421875 0.0984375 0.08125
1 0.840625 0.0390625 0.13125 0.078125
1 0.6171875 0.02734375 0.103125 0.0546875