1 0.09140625 0.309375 0.1828125 0.221875
1 0.5234375 0.3984375 0.1421875 0.153125
1 0.396875 0.60625 0.15 0.1390625
1 0.403125 0.3359375 0.1328125 0.165625
1 0.84140625 0.1953125 0.08125 0.125
1 0.87578125 0.15078125 0.1546875 0.178125
1 0.61328125 0.2015625 0.0671875 0.0796875
0 0.25078125 0.3734375 0.0984375 0.1046875
1 0.07578125 0.140625 0.1515625 0.165625
1 0.35 0.0359375 0.115625 0.053125
1 0.8046875 0.01171875 0.078125 0.0234375
1 0.84921875 0.040625 0.1546875 0.08125
1 0.58203125 0.03515625 0.0671875 0.0703125